0 0.470638 0.213426 0.035068 0.047963
0 0.349573 0.687051 0.074865 0.115102
0 0.083497 0.786569 0.125453 0.117509
0 0.082497 0.659472 0.097818 0.091130
0 0.192424 0.511991 0.060026 0.071944
0 0.166794 0.424463 0.095099 0.165463
0 0.081138 0.459833 0.058682 0.073148
0 0.277742 0.485611 0.058005 0.083926
0 0.460521 0.357912 0.040469 0.068343
0 0.577878 0.266787 0.040464 0.075537
0 0.616997 0.253597 0.033724 0.051565
0 0.697932 0.261991 0.037771 0.056352
0 0.343167 0.171463 0.021583 0.028778
0 0.324956 0.167866 0.017536 0.023972
0 0.489187 0.145083 0.020906 0.038370
0 0.475023 0.138491 0.016859 0.032370
0 0.443659 0.155278 0.022932 0.027574
0 0.458836 0.133097 0.020911 0.031176
0 0.514815 0.152880 0.026307 0.051556
0 0.399482 0.164866 0.019557 0.029972
0 0.368797 0.172662 0.018885 0.026380
0 0.369807 0.200241 0.024958 0.038370
0 0.403529 0.191250 0.022255 0.027574
0 0.629810 0.200838 0.033724 0.046769
0 0.531677 0.235611 0.030354 0.044370
0 0.404878 0.214028 0.024953 0.034778
0 0.361714 0.240407 0.030354 0.041963
0 0.333721 0.205634 0.025630 0.051565
0 0.320234 0.235611 0.024281 0.041963
0 0.238622 0.161870 0.020234 0.033574
0 0.237617 0.192435 0.018224 0.034759
0 0.238961 0.227815 0.022255 0.038370
0 0.235589 0.308755 0.037094 0.046769
0 0.287185 0.339931 0.040464 0.053954
0 0.340466 0.285370 0.033724 0.052759
0 0.395435 0.255394 0.033047 0.040769
0 0.458500 0.179255 0.021583 0.029972
0 0.532352 0.188245 0.026307 0.035972
0 0.602833 0.538370 0.059354 0.124704
