0 0.396500 0.235583 0.010115 0.049167
0 0.644701 0.812921 0.130172 0.131898
0 0.782966 0.722995 0.108589 0.119898
0 0.969552 0.513162 0.060896 0.093528
0 0.928651 0.480190 0.069469 0.085139
0 0.854797 0.443019 0.062052 0.080333
0 0.721589 0.374074 0.072167 0.086333
0 0.755312 0.347093 0.030354 0.070741
0 0.839284 0.535343 0.028328 0.070741
0 0.810958 0.505968 0.026979 0.079139
0 0.778581 0.481986 0.020234 0.064750
0 0.734742 0.468199 0.036422 0.087528
0 0.727997 0.564722 0.036422 0.064741
0 0.734406 0.614481 0.034396 0.068352
0 0.707427 0.705611 0.041146 0.094722
0 0.648747 0.691222 0.038443 0.085130
0 0.335125 0.854287 0.072167 0.085130
0 0.231596 0.874074 0.058005 0.091130
0 0.049490 0.932227 0.059354 0.068343
0 0.563427 0.439421 0.024281 0.056361
0 0.596141 0.413042 0.022260 0.068343
0 0.626492 0.432227 0.023609 0.075546
0 0.650099 0.475995 0.018208 0.074343
0 0.681122 0.494579 0.033047 0.080343
0 0.679099 0.423833 0.019563 0.053963
0 0.666958 0.404653 0.020906 0.068343
0 0.590070 0.382468 0.064078 0.069546
0 0.549940 0.333310 0.021578 0.059954
0 0.499018 0.293741 0.020911 0.057556
0 0.463271 0.332106 0.018208 0.059954
0 0.429214 0.308125 0.026979 0.055157
0 0.454841 0.282347 0.014839 0.053954
0 0.446747 0.249972 0.017536 0.049167
0 0.390430 0.285343 0.020911 0.057556
0 0.360753 0.264361 0.019557 0.051556
0 0.354008 0.230190 0.016859 0.047954
0 0.384359 0.254171 0.019562 0.050361
0 0.373906 0.212204 0.018885 0.055148
0 0.409654 0.255968 0.014839 0.046769
0 0.421456 0.255366 0.018214 0.059954
0 0.497669 0.207407 0.022255 0.064741
0 0.592430 0.254171 0.017536 0.069546
0 0.629529 0.285347 0.022932 0.069546
0 0.660888 0.291338 0.029005 0.069546
0 0.234630 0.188222 0.042490 0.071944
0 0.260596 0.188222 0.016182 0.047963
0 0.276109 0.173833 0.031021 0.057556
0 0.298029 0.212204 0.014161 0.062352
0 0.312867 0.218199 0.016859 0.059954
0 0.183034 0.142657 0.040464 0.062352
0 0.348279 0.119278 0.014839 0.046759
0 0.300388 0.158245 0.025630 0.050361
0 0.196859 0.051532 0.023604 0.047954
0 0.169208 0.073713 0.029000 0.049167
0 0.152010 0.087500 0.013490 0.033574
0 0.133125 0.092898 0.018885 0.061148
0 0.093667 0.051532 0.014167 0.033565
0 0.077143 0.052731 0.012141 0.028778
0 0.114237 0.053333 0.014839 0.037167
0 0.111878 0.085704 0.019557 0.056352
