0 0.371544 0.082708 0.008766 0.021583
0 0.416396 0.108486 0.008094 0.017991
0 0.434609 0.127074 0.010792 0.023981
0 0.402904 0.108486 0.018880 0.044361
0 0.408305 0.081509 0.009443 0.019185
0 0.395828 0.083903 0.011469 0.016787
0 0.924266 0.755370 0.089031 0.177463
0 0.398862 0.068319 0.006745 0.007194
0 0.419432 0.378870 0.064073 0.158278
0 0.417070 0.224796 0.022932 0.056352
0 0.404255 0.164241 0.024281 0.047963
0 0.393802 0.128273 0.011469 0.026380
0 0.408979 0.130671 0.008094 0.021583
0 0.421792 0.124671 0.016188 0.026380
