0 0.884135 0.708005 0.116677 0.202639
0 0.822422 0.541940 0.087677 0.158269
0 0.280831 0.075514 0.009443 0.021583
0 0.272398 0.100093 0.016859 0.029981
0 0.257562 0.073116 0.015510 0.031176
0 0.296341 0.106685 0.014839 0.023981
0 0.282516 0.127671 0.019563 0.029972
0 0.256214 0.121676 0.020906 0.046759
0 0.317253 0.148653 0.020234 0.040769
0 0.398198 0.154069 0.037750 0.065917
0 0.529367 0.294338 0.060026 0.094731
0 0.487555 0.474792 0.081609 0.146287
0 0.280492 0.435829 0.057328 0.145083
0 0.272401 0.237384 0.045187 0.093528
0 0.366823 0.245773 0.037094 0.064750
0 0.757674 0.519157 0.048557 0.103111
0 0.610305 0.389662 0.078911 0.112713
0 0.289596 0.156449 0.025630 0.041972
0 0.433932 0.168440 0.029677 0.051565
0 0.458214 0.160644 0.029677 0.055157
0 0.491599 0.231986 0.020906 0.049157
0 0.575234 0.293139 0.058677 0.073148
