0 0.638938 0.372312 0.047687 0.085125
0 0.722125 0.236208 0.018000 0.040750
0 0.737859 0.244604 0.009906 0.031208
0 0.433453 0.378917 0.053969 0.043167
0 0.368703 0.378917 0.057531 0.043167
0 0.354766 0.344125 0.065656 0.055167
0 0.398828 0.319542 0.051281 0.049167
0 0.460875 0.319542 0.036875 0.058750
0 0.500000 0.332729 0.043187 0.034792
0 0.209078 0.527583 0.110594 0.079167
0 0.144797 0.512604 0.084531 0.073125
0 0.553953 0.259000 0.035969 0.036000
0 0.562953 0.297354 0.035969 0.035958
0 0.507641 0.296167 0.035094 0.031167
0 0.566094 0.771583 0.132188 0.243417
0 0.416812 0.659479 0.148375 0.184625
0 0.298125 0.421458 0.069250 0.056333
0 0.267078 0.402896 0.059344 0.047958
0 0.743266 0.236813 0.015281 0.025208
0 0.358812 0.434042 0.073750 0.052750
0 0.674016 0.496396 0.067469 0.103125
0 0.075094 0.515000 0.081812 0.068333
0 0.579141 0.257792 0.028781 0.028750
0 0.608359 0.249396 0.033281 0.028792
0 0.640297 0.244021 0.028781 0.032375
0 0.599812 0.275792 0.030563 0.033583
