0 0.384021 0.363282 0.016188 0.026380
0 0.398862 0.363880 0.012141 0.022778
0 0.626828 0.438222 0.048563 0.056352
0 0.425841 0.402250 0.022932 0.032370
0 0.408641 0.381866 0.015510 0.029972
0 0.389417 0.387264 0.016188 0.038361
0 0.348615 0.378273 0.018208 0.029972
0 0.363451 0.371074 0.022255 0.046759
0 0.367161 0.416639 0.020229 0.032370
0 0.342544 0.449611 0.030349 0.047963
0 0.289599 0.503569 0.035073 0.055157
0 0.343219 0.508968 0.037094 0.056361
0 0.453492 0.432829 0.025630 0.035972
0 0.418083 0.440019 0.030354 0.057556
0 0.827143 0.529949 0.078234 0.103120
0 0.541510 0.640861 0.085656 0.113907
0 0.460576 0.714602 0.095099 0.153481
0 0.336810 0.666042 0.074193 0.125898
