0 0.362776 0.438343 0.039792 0.063556
0 0.400885 0.378389 0.053958 0.075537
0 0.469005 0.434144 0.060698 0.083935
0 0.342206 0.375991 0.031026 0.046759
0 0.316914 0.341222 0.031703 0.037167
0 0.272737 0.346616 0.028328 0.040769
0 0.199896 0.344815 0.021583 0.037167
0 0.276445 0.320838 0.019557 0.029972
0 0.239352 0.319042 0.022255 0.035972
0 0.173591 0.379588 0.031026 0.049157
0 0.245086 0.419157 0.041818 0.053963
0 0.219456 0.472519 0.049911 0.086333
0 0.316578 0.522875 0.056656 0.071935
0 0.837260 0.888583 0.145688 0.175056
0 0.763745 0.714125 0.121406 0.159472
0 0.569836 0.561245 0.081609 0.105509
0 0.548927 0.619995 0.088354 0.131898
0 0.447422 0.515083 0.060698 0.085130
0 0.212034 0.292657 0.020234 0.038370
0 0.135146 0.335227 0.018885 0.037176
0 0.156055 0.328634 0.009443 0.035972
0 0.150323 0.309444 0.016865 0.028778
0 0.310844 0.386185 0.031698 0.047963
0 0.392792 0.419157 0.043167 0.063556
0 0.370198 0.611005 0.082958 0.106713
