0 0.273073 0.056329 0.020906 0.055157
0 0.249807 0.074310 0.016188 0.021583
0 0.216755 0.249375 0.035073 0.069546
0 0.405943 0.252968 0.043844 0.083935
0 0.340182 0.236782 0.037771 0.058750
0 0.352326 0.149852 0.022932 0.047963
0 0.335125 0.116880 0.018208 0.032370
0 0.298029 0.120477 0.024953 0.037176
0 0.285888 0.052731 0.010120 0.026370
0 0.293307 0.087500 0.020906 0.043167
0 0.308484 0.073111 0.016188 0.033574
0 0.251154 0.038944 0.013484 0.020389
0 0.262622 0.026352 0.006745 0.014389
0 0.250818 0.021560 0.008771 0.007194
0 0.274422 0.023356 0.010115 0.013194
