0 0.262956 0.189426 0.019557 0.038370
0 0.362102 0.708009 0.060026 0.152278
0 0.384698 0.569519 0.048563 0.122296
0 0.370872 0.442421 0.076214 0.098324
0 0.291622 0.438222 0.056651 0.082741
0 0.226536 0.468199 0.070823 0.159472
0 0.270375 0.305731 0.031698 0.047963
0 0.442365 0.393856 0.064073 0.087528
0 0.620419 0.474792 0.095099 0.146287
0 0.917859 0.668440 0.131521 0.188250
0 0.797130 0.477792 0.041146 0.046769
0 0.748570 0.458005 0.041141 0.074343
0 0.348615 0.275750 0.034396 0.047963
0 0.384359 0.267356 0.035750 0.055157
0 0.224513 0.294940 0.034401 0.040769
0 0.211698 0.260764 0.023604 0.044361
0 0.218104 0.219398 0.018885 0.028778
0 0.294995 0.254769 0.036417 0.044370
0 0.298703 0.203810 0.023604 0.052750
0 0.278133 0.222995 0.025630 0.035972
0 0.253180 0.204412 0.020234 0.029972
0 0.190789 0.214005 0.016859 0.034769
0 0.205628 0.203208 0.014161 0.029972
0 0.171232 0.202009 0.016859 0.027574
0 0.169206 0.181032 0.016859 0.026380
0 0.183031 0.189421 0.016187 0.026380
0 0.213721 0.173833 0.018214 0.023981
0 0.231258 0.174435 0.011464 0.020389
0 0.692589 0.371079 0.046542 0.073139
0 0.735755 0.378269 0.039792 0.037167
0 0.717544 0.422634 0.033047 0.046769
0 0.728672 0.411241 0.031021 0.038370
0 0.641667 0.378870 0.029677 0.052759
0 0.651776 0.365681 0.028344 0.047954
0 0.681122 0.419634 0.035745 0.055157
0 0.172581 0.231986 0.019557 0.041972
