0 0.679508 0.588704 0.138276 0.489204
0 0.713227 0.135463 0.011464 0.023981
0 0.721995 0.107884 0.010115 0.026380
0 0.642070 0.167241 0.022932 0.022778
0 0.614755 0.198412 0.014167 0.034769
0 0.600255 0.159449 0.018885 0.035972
0 0.656573 0.105491 0.010115 0.019185
0 0.666016 0.094097 0.012812 0.029972
0 0.705133 0.102491 0.008766 0.017981
0 0.712888 0.090500 0.009443 0.017981
0 0.717948 0.083306 0.008771 0.025185
0 0.532810 0.186426 0.017536 0.022778
0 0.536180 0.167241 0.012141 0.020389
0 0.523367 0.157648 0.012141 0.020389
0 0.279549 0.405250 0.186828 0.182259
0 0.738182 0.113282 0.007417 0.015583
0 0.729414 0.152852 0.008766 0.029981
0 0.747289 0.160644 0.014839 0.031176
0 0.751672 0.221199 0.030354 0.049157
0 0.695690 0.188222 0.015516 0.028778
0 0.687596 0.214000 0.019557 0.037167
0 0.683549 0.251171 0.018214 0.041972
0 0.686586 0.309324 0.028328 0.071944
0 0.610708 0.351894 0.037094 0.077935
0 0.480875 0.347097 0.055302 0.063546
0 0.706820 0.143856 0.014839 0.026380
