0 0.802526 0.362083 0.042490 0.055148
0 0.688542 0.303931 0.023604 0.037176
0 0.668982 0.368681 0.031703 0.044361
0 0.614690 0.316523 0.020234 0.040769
0 0.529706 0.260162 0.014839 0.026380
0 0.519927 0.270356 0.010115 0.017991
0 0.502391 0.254171 0.024958 0.035972
0 0.478445 0.284144 0.022932 0.031176
0 0.504750 0.299731 0.021583 0.043167
0 0.458552 0.330310 0.026302 0.044361
0 0.518917 0.368681 0.032375 0.053954
0 0.692589 0.194819 0.011469 0.022787
0 0.580964 0.233782 0.016187 0.031176
0 0.011383 0.561722 0.020911 0.104315
0 0.132786 0.288343 0.057333 0.082741
0 0.476424 0.404648 0.033724 0.070741
0 0.715182 0.200815 0.024281 0.032370
0 0.675727 0.239181 0.010120 0.020380
0 0.656503 0.240981 0.012141 0.028778
0 0.638630 0.239181 0.015510 0.025176
0 0.627841 0.244579 0.014161 0.021583
0 0.865250 0.402250 0.045187 0.061148
