0 0.554997 0.289542 0.022255 0.039565
0 0.133125 0.493380 0.062052 0.061148
0 0.313542 0.383667 0.033052 0.038370
0 0.281167 0.377676 0.042490 0.045574
0 0.314891 0.329111 0.035750 0.041963
0 0.320635 0.289542 0.037792 0.034769
0 0.387057 0.252370 0.038448 0.039574
0 0.476424 0.210407 0.022932 0.027574
0 0.500367 0.209204 0.022255 0.032370
0 0.412687 0.255986 0.033052 0.029935
0 0.639982 0.125870 0.006068 0.009593
0 0.629865 0.133667 0.008771 0.015593
0 0.617049 0.145662 0.008766 0.015583
0 0.629529 0.151051 0.014839 0.021583
0 0.605245 0.185824 0.013490 0.023981
0 0.631552 0.218796 0.018885 0.022778
0 0.609294 0.230787 0.020234 0.027574
0 0.931685 0.649255 0.059349 0.224213
0 0.475411 0.455611 0.045187 0.091130
0 0.404258 0.302130 0.028328 0.043167
0 0.228560 0.344699 0.055984 0.077935
