0 0.668714 0.288944 0.020906 0.038370
0 0.654880 0.329111 0.016177 0.058759
0 0.614419 0.458009 0.060703 0.158278
0 0.596208 0.172037 0.010792 0.027574
0 0.618802 0.174435 0.012813 0.037167
0 0.608346 0.209204 0.020234 0.041963
0 0.930068 0.407046 0.048563 0.070741
0 0.889937 0.398657 0.061375 0.109111
0 0.076536 0.917838 0.107240 0.145083
0 0.589128 0.194819 0.011464 0.022787
0 0.592836 0.155250 0.012141 0.017981
0 0.601266 0.137861 0.007417 0.019185
0 0.612057 0.133667 0.006073 0.015593
0 0.616104 0.124671 0.006073 0.021583
0 0.406349 0.251171 0.029000 0.049157
0 0.196589 0.443023 0.118031 0.169065
0 0.811359 0.277551 0.037771 0.051565
