0 0.256539 0.118671 0.018911 0.021602
0 0.298029 0.143861 0.014161 0.023981
0 0.300391 0.167843 0.018885 0.033574
0 0.331078 0.156449 0.019563 0.025176
0 0.188766 0.180431 0.019563 0.029972
0 0.854797 0.506569 0.083635 0.097120
0 0.349289 0.194241 0.023609 0.045519
0 0.619073 0.361481 0.066771 0.085130
0 0.230247 0.139065 0.012141 0.019185
0 0.216758 0.134889 0.017536 0.022741
0 0.348615 0.082106 0.010115 0.020380
0 0.171232 0.166042 0.022255 0.037176
0 0.198883 0.152852 0.016859 0.027574
0 0.242724 0.122278 0.011469 0.028778
0 0.220130 0.175634 0.018885 0.032380
0 0.305784 0.097093 0.014839 0.014389
0 0.321974 0.089301 0.010792 0.015583
0 0.228224 0.158245 0.016188 0.031176
0 0.349964 0.098292 0.014167 0.021583
0 0.364464 0.111481 0.018885 0.043167
0 0.326021 0.135468 0.013490 0.021583
0 0.335799 0.116880 0.015516 0.032370
0 0.320286 0.118676 0.011469 0.019185
0 0.301065 0.117481 0.012141 0.023981
0 0.288922 0.124074 0.013490 0.027574
0 0.452818 0.784745 0.163219 0.272176
0 0.327706 0.865681 0.154453 0.242213
0 0.298703 0.441222 0.066771 0.091130
0 0.144253 0.371676 0.020911 0.079130
0 0.213385 0.245778 0.029677 0.043167
0 0.326695 0.209204 0.033724 0.046759
0 0.448771 0.335704 0.026979 0.071944
