0 0.451805 0.312324 0.027651 0.039574
0 0.229573 0.245176 0.018885 0.025185
0 0.236990 0.269157 0.018885 0.039574
0 0.214396 0.287144 0.023604 0.046769
0 0.412687 0.216403 0.022260 0.020380
0 0.430898 0.326116 0.038443 0.055157
0 0.166846 0.420236 0.035068 0.075546
0 0.255875 0.583310 0.064750 0.106713
0 0.386047 0.634264 0.094427 0.165472
0 0.381997 0.260764 0.031026 0.044361
0 0.241711 0.226593 0.014839 0.028778
0 0.454841 0.263764 0.035068 0.045565
0 0.615362 0.806329 0.151078 0.221824
0 0.803198 0.433426 0.072167 0.101926
0 0.658193 0.376472 0.058677 0.119907
0 0.569836 0.284745 0.068120 0.082731
0 0.460576 0.241579 0.024953 0.034769
0 0.191802 0.341102 0.026979 0.046759
0 0.272062 0.334509 0.026979 0.057556
0 0.203604 0.203208 0.023604 0.044361
0 0.183708 0.203208 0.010792 0.020380
0 0.179326 0.230190 0.016859 0.026380
0 0.175951 0.253569 0.019557 0.029972
0 0.179997 0.301532 0.024953 0.037176
0 0.200570 0.229588 0.020234 0.041972
0 0.222490 0.211602 0.014167 0.022778
