0 0.876716 0.495176 0.062724 0.091130
0 0.889195 0.469995 0.055307 0.083935
0 0.741823 0.414241 0.047885 0.058759
0 0.749242 0.381269 0.041141 0.045556
0 0.745534 0.354287 0.047214 0.046759
0 0.592094 0.361486 0.037094 0.058750
0 0.550615 0.364481 0.036417 0.050352
0 0.443711 0.368079 0.041141 0.057546
0 0.494971 0.324315 0.038443 0.061148
0 0.509474 0.297333 0.037771 0.057556
0 0.565451 0.307528 0.025630 0.046759
0 0.534091 0.278153 0.008766 0.026380
0 0.493284 0.256565 0.020234 0.038370
0 0.901672 0.577310 0.091052 0.164269
0 0.632898 0.637861 0.087682 0.158278
0 0.493612 0.510167 0.086984 0.332130
0 0.549266 0.735588 0.049906 0.149880
