0 0.362102 0.383667 0.057328 0.059944
0 0.420107 0.368681 0.060026 0.073139
0 0.451133 0.381269 0.046536 0.062352
0 0.651445 0.077912 0.010120 0.021583
0 0.651117 0.089898 0.010776 0.021593
0 0.658865 0.064718 0.008771 0.016787
0 0.671005 0.082106 0.006073 0.013194
0 0.665948 0.091102 0.013490 0.009593
0 0.708102 0.082106 0.012818 0.020380
0 0.721927 0.081505 0.010792 0.026380
0 0.706078 0.099495 0.010115 0.021583
0 0.672690 0.117481 0.012141 0.019185
0 0.660214 0.106088 0.010115 0.013194
0 0.657852 0.115083 0.012141 0.014389
0 0.651109 0.130069 0.016188 0.027583
0 0.741823 0.117477 0.020906 0.026380
0 0.562081 0.263764 0.039120 0.040769
0 0.502727 0.271556 0.058005 0.075537
0 0.745534 0.160648 0.022932 0.047963
0 0.739464 0.299731 0.048563 0.119907
0 0.629188 0.178032 0.023604 0.027583
0 0.595128 0.196019 0.022932 0.032370
0 0.532740 0.218199 0.053281 0.076731
0 0.459227 0.290741 0.035745 0.049167
0 0.528018 0.731986 0.116682 0.207435
0 0.083888 0.642060 0.106568 0.087528
