0 0.572602 0.269042 0.024953 0.040769
0 0.096771 0.539421 0.078240 0.068343
0 0.209068 0.410528 0.045188 0.047963
0 0.593849 0.204889 0.016187 0.022778
0 0.631956 0.187505 0.016859 0.035972
0 0.606326 0.183907 0.012818 0.028778
0 0.617117 0.219875 0.015516 0.031176
0 0.398930 0.272037 0.028328 0.046759
0 0.584406 0.219880 0.013490 0.028778
0 0.597563 0.240852 0.020917 0.027556
0 0.396568 0.448894 0.065427 0.098324
0 0.616781 0.322995 0.024281 0.038361
0 0.624198 0.296014 0.026979 0.044361
0 0.522693 0.272639 0.023604 0.033574
0 0.580359 0.297815 0.021583 0.043167
0 0.517971 0.354769 0.033047 0.051556
0 0.464688 0.342181 0.034396 0.055157
0 0.328448 0.320000 0.033052 0.032370
0 0.246500 0.407528 0.047208 0.061148
0 0.240430 0.728273 0.099818 0.136694
0 0.342948 0.909926 0.145688 0.161870
0 0.497737 0.561005 0.054630 0.094731
0 0.599581 0.415921 0.050589 0.183454
0 0.472445 0.444097 0.055307 0.062343
