0 0.255862 0.486171 0.089005 0.145065
0 0.299378 0.292542 0.047891 0.083935
0 0.331753 0.223593 0.033047 0.051556
0 0.360753 0.160046 0.024953 0.053963
0 0.342880 0.119278 0.029677 0.063556
0 0.366151 0.114481 0.018208 0.037167
0 0.400547 0.112083 0.018208 0.025185
0 0.461922 0.128273 0.020906 0.040769
0 0.533753 0.206208 0.043161 0.057546
0 0.483505 0.108486 0.033052 0.061157
0 0.388406 0.086301 0.015510 0.026380
0 0.376940 0.091699 0.019557 0.027583
0 0.358732 0.074310 0.014161 0.026380
0 0.373232 0.064120 0.020234 0.025185
