0 0.948544 0.418440 0.020234 0.021583
0 0.423141 0.369880 0.026979 0.027574
0 0.432922 0.404648 0.031698 0.039574
0 0.604240 0.371074 0.027667 0.046759
0 0.579953 0.386065 0.023604 0.026370
0 0.564440 0.381269 0.018214 0.028778
0 0.566802 0.410644 0.029677 0.037176
0 0.551289 0.402250 0.025630 0.027574
0 0.519589 0.393255 0.029677 0.031176
0 0.516216 0.415440 0.033724 0.039565
0 0.509810 0.449014 0.034401 0.044361
0 0.471367 0.426829 0.038443 0.040769
0 0.451805 0.456208 0.038443 0.039565
0 0.415385 0.445417 0.042490 0.061148
0 0.380312 0.456806 0.038448 0.038370
0 0.360078 0.490380 0.053281 0.057556
0 0.295669 0.476593 0.044516 0.056352
0 0.369859 0.555130 0.058000 0.067148
0 0.322310 0.542542 0.057328 0.058750
0 0.271052 0.541343 0.055979 0.065944
0 0.220802 0.606690 0.075542 0.074343
0 0.097714 0.655847 0.077562 0.074343
0 0.053529 0.717602 0.097109 0.104315
0 0.041589 0.813523 0.083177 0.094731
0 0.233281 0.650454 0.082958 0.080333
0 0.970128 0.455009 0.017536 0.032370
0 0.957315 0.447815 0.014839 0.025185
0 0.933370 0.433426 0.019562 0.027574
0 0.920893 0.449014 0.016182 0.025176
0 0.935057 0.459806 0.013490 0.032370
0 0.950232 0.462204 0.015516 0.029981
0 0.948547 0.493977 0.021583 0.031176
0 0.929661 0.478991 0.016187 0.027574
0 0.912799 0.476593 0.017536 0.032370
0 0.874693 0.422634 0.022260 0.027583
0 0.845352 0.513162 0.028328 0.045565
0 0.907068 0.526949 0.022260 0.053954
0 0.926964 0.525153 0.022927 0.050361
0 0.944500 0.531148 0.021583 0.038370
0 0.953268 0.568319 0.025630 0.050361
0 0.931010 0.572514 0.022927 0.053954
0 0.974513 0.605491 0.033047 0.047963
0 0.941128 0.701412 0.033724 0.062343
0 0.904708 0.693019 0.035073 0.069537
0 0.911789 0.613884 0.024953 0.050361
0 0.791734 0.362685 0.012813 0.027574
0 0.784651 0.365681 0.013490 0.026380
0 0.753289 0.372875 0.011464 0.023972
0 0.752615 0.362685 0.011469 0.020389
0 0.742833 0.370477 0.013490 0.026380
0 0.777570 0.387264 0.018214 0.028769
0 0.738453 0.416639 0.020906 0.037167
0 0.718219 0.390861 0.019562 0.038370
0 0.670667 0.390861 0.024281 0.035963
0 0.667971 0.423231 0.031026 0.043167
0 0.675388 0.448417 0.033724 0.057556
0 0.755312 0.462806 0.030354 0.086333
0 0.711474 0.464602 0.024958 0.056352
0 0.683484 0.534745 0.049906 0.115102
0 0.554661 0.565324 0.045865 0.080333
0 0.470690 0.574912 0.066776 0.087528
