0 0.754974 0.150454 0.021583 0.027574
0 0.702367 0.160648 0.020234 0.038370
0 0.646052 0.155250 0.023604 0.041963
0 0.669995 0.072514 0.010792 0.015583
0 0.676737 0.060523 0.012141 0.020380
0 0.708427 0.077310 0.014813 0.037176
0 0.693602 0.085106 0.009443 0.016787
0 0.667633 0.088704 0.011464 0.019185
0 0.663924 0.104889 0.014839 0.017981
0 0.684833 0.114481 0.016188 0.027574
0 0.658865 0.071912 0.010115 0.016787
0 0.626828 0.184625 0.031021 0.052750
0 0.615701 0.250569 0.018214 0.059954
0 0.575906 0.254171 0.039792 0.064750
0 0.596815 0.320718 0.043839 0.089935
0 0.430896 0.974194 0.082958 0.049167
0 0.410664 0.492176 0.089703 0.152278
0 0.706078 0.114481 0.019562 0.032370
