0 0.703448 0.342778 0.026302 0.041963
0 0.603625 0.576593 0.072167 0.118704
0 0.787755 0.715083 0.115333 0.182259
0 0.444792 0.409926 0.044510 0.068352
0 0.466711 0.340981 0.026307 0.047963
0 0.481221 0.300819 0.021599 0.029991
0 0.583393 0.369157 0.018214 0.049167
0 0.575299 0.312204 0.019557 0.031167
0 0.538203 0.294218 0.020906 0.035972
0 0.836315 0.498056 0.054630 0.103111
0 0.966214 0.581398 0.066229 0.123519
0 0.984427 0.693500 0.031146 0.095926
0 0.759427 0.414722 0.047885 0.077944
0 0.824852 0.439903 0.054630 0.073139
0 0.978354 0.537625 0.043292 0.088731
