0 0.368794 0.079139 0.014839 0.028778
0 0.355643 0.067745 0.011464 0.015583
0 0.379924 0.064750 0.008766 0.014389
0 0.455464 0.530574 0.169292 0.372907
0 0.734354 0.898685 0.190198 0.152278
0 0.768076 0.398079 0.138943 0.230213
0 0.563714 0.202639 0.013490 0.043167
0 0.402854 0.249398 0.045187 0.081537
0 0.327990 0.188250 0.054635 0.098315
0 0.372841 0.155278 0.025630 0.041963
0 0.425112 0.171463 0.029005 0.043167
0 0.376891 0.111509 0.032375 0.052759
0 0.394086 0.105514 0.011464 0.026380
0 0.342828 0.127097 0.018208 0.031176
0 0.353284 0.095324 0.025630 0.044370
