0 0.613003 0.155250 0.024953 0.029981
0 0.488562 0.127671 0.016188 0.027583
0 0.463945 0.125273 0.019557 0.039565
0 0.451469 0.156449 0.018885 0.034769
0 0.485867 0.157046 0.022932 0.033574
0 0.516555 0.176833 0.020911 0.044370
0 0.528359 0.217602 0.013490 0.032370
0 0.621096 0.177435 0.020911 0.033574
0 0.640656 0.193019 0.029000 0.047963
0 0.658529 0.185824 0.020234 0.038370
0 0.681797 0.196014 0.026302 0.053954
0 0.659201 0.222995 0.017536 0.045565
0 0.697984 0.234986 0.034396 0.057546
0 0.747893 0.257769 0.033047 0.052759
0 0.571521 0.267958 0.035073 0.053954
0 0.445737 0.627671 0.100495 0.279380
