0 0.706753 0.592898 0.247526 0.404074
0 0.648411 0.646259 0.041812 0.086333
0 0.281167 0.229588 0.029000 0.044361
0 0.246096 0.197213 0.022255 0.046759
0 0.200906 0.164843 0.033052 0.051556
0 0.196521 0.191218 0.013490 0.034769
0 0.101760 0.147454 0.012812 0.028778
0 0.092318 0.124667 0.004719 0.016778
0 0.119635 0.493380 0.048562 0.113907
0 0.109516 0.104287 0.013490 0.019185
0 0.245422 0.243375 0.027656 0.040769
0 0.173253 0.149852 0.019557 0.038370
0 0.136159 0.121079 0.011464 0.026380
0 0.336474 0.329708 0.042490 0.074343
0 0.078828 0.108486 0.010115 0.027583
0 0.451469 0.824315 0.140292 0.229019
0 0.307133 0.453810 0.060703 0.082731
0 0.205292 0.527551 0.097125 0.189454
0 0.340521 0.259565 0.033052 0.053963
