0 0.363737 0.082134 0.018214 0.025176
0 0.398135 0.101917 0.012813 0.023981
0 0.433544 0.118106 0.014839 0.034769
0 0.753234 0.818944 0.176708 0.285370
0 0.453104 0.172060 0.032375 0.044361
0 0.355305 0.209829 0.033724 0.055157
0 0.272685 0.187051 0.019557 0.040769
0 0.262229 0.167269 0.018885 0.032370
0 0.222437 0.203833 0.029677 0.033574
0 0.219063 0.246403 0.024281 0.041972
0 0.225135 0.288370 0.035073 0.053963
0 0.140826 0.371102 0.036422 0.065944
0 0.090245 0.417866 0.026979 0.058750
0 0.118909 0.504194 0.060026 0.094722
0 0.263917 0.477218 0.061375 0.136694
0 0.295617 0.056356 0.011464 0.016787
0 0.310453 0.055755 0.008771 0.010787
0 0.284151 0.070741 0.008771 0.019185
0 0.280779 0.091727 0.014161 0.022787
0 0.292583 0.094727 0.010792 0.016787
0 0.307755 0.086333 0.012813 0.014389
0 0.303711 0.102519 0.008766 0.015593
0 0.299326 0.122903 0.012141 0.025176
0 0.282464 0.116306 0.018885 0.033574
0 0.277406 0.139690 0.012812 0.020380
0 0.294604 0.137889 0.012135 0.023981
0 0.321245 0.065944 0.007417 0.009593
0 0.339456 0.057551 0.012818 0.016787
0 0.361714 0.062352 0.011469 0.014389
0 0.381609 0.080935 0.013490 0.025185
