0 0.731370 0.466398 0.083635 0.110315
0 0.776560 0.432824 0.090380 0.115111
0 0.832875 0.404653 0.066771 0.092324
0 0.920219 0.506565 0.087677 0.094722
0 0.912799 0.550931 0.098474 0.111509
0 0.663589 0.303931 0.061375 0.080343
0 0.605919 0.306329 0.049911 0.061157
0 0.548927 0.248773 0.039792 0.041972
0 0.475076 0.219995 0.045859 0.063546
0 0.501380 0.238583 0.016188 0.038370
0 0.314891 0.424431 0.076219 0.088731
0 0.220466 0.698417 0.043839 0.133093
0 0.226536 0.939421 0.107240 0.121102
0 0.160438 0.607889 0.074865 0.182259
0 0.125703 0.456208 0.051260 0.080343
0 0.102435 0.383667 0.033047 0.047963
0 0.079841 0.331509 0.031026 0.041963
0 0.058932 0.305731 0.026979 0.038370
0 0.038026 0.288343 0.024281 0.070741
0 0.019477 0.270356 0.012818 0.020380
0 0.031279 0.264361 0.025630 0.044370
0 0.015768 0.254769 0.012141 0.017981
0 0.017453 0.235583 0.012813 0.017981
0 0.012057 0.217597 0.010115 0.025176
0 0.005185 0.246375 0.010370 0.039565
0 0.162799 0.215199 0.032370 0.053954
0 0.210685 0.219398 0.025630 0.055148
0 0.271724 0.239778 0.026302 0.028778
0 0.352323 0.303931 0.041812 0.053954
0 0.353672 0.358486 0.045865 0.050361
0 0.424154 0.268560 0.043839 0.040769
0 0.513857 0.269157 0.042495 0.039574
0 0.626828 0.345296 0.064750 0.076741
0 0.227211 0.172037 0.015516 0.015593
0 0.221141 0.181028 0.019563 0.019185
0 0.205292 0.181630 0.013490 0.013185
0 0.401221 0.222394 0.029005 0.027583
0 0.400885 0.203810 0.024281 0.026380
0 0.393464 0.191819 0.026979 0.026380
0 0.369185 0.187028 0.022932 0.023981
0 0.361091 0.209208 0.031026 0.025176
0 0.325346 0.223593 0.031026 0.037167
0 0.307133 0.206208 0.028328 0.028769
0 0.282516 0.179231 0.026302 0.037167
0 0.265656 0.204412 0.018208 0.025176
0 0.247784 0.187023 0.022932 0.026380
0 0.128740 0.199616 0.018208 0.025176
0 0.110190 0.194218 0.014839 0.016787
0 0.100750 0.203810 0.018885 0.028769
