0 0.330068 0.376472 0.037771 0.050352
0 0.255539 0.423833 0.049234 0.068352
0 0.136833 0.627069 0.069469 0.093528
0 0.037224 0.692417 0.069052 0.166667
0 0.210935 0.958144 0.096151 0.083713
0 0.479477 0.227366 0.013599 0.017269
0 0.398930 0.308130 0.014161 0.033574
0 0.426919 0.287745 0.020234 0.026380
0 0.477167 0.200213 0.022260 0.031167
0 0.501109 0.207407 0.010792 0.021574
0 0.517633 0.183431 0.010120 0.011991
0 0.513922 0.190620 0.005396 0.014389
0 0.502794 0.193019 0.010120 0.014389
0 0.509201 0.179231 0.009443 0.017981
0 0.488901 0.419037 0.037094 0.065944
0 0.617724 0.381269 0.029000 0.059944
0 0.601875 0.300931 0.029677 0.050361
0 0.589060 0.260167 0.020234 0.033574
0 0.532068 0.260764 0.016865 0.025176
0 0.565789 0.173833 0.010120 0.019185
0 0.406279 0.271556 0.025630 0.034778
