0 0.701021 0.207407 0.013490 0.023981
0 0.633911 0.663644 0.123427 0.394491
0 0.354682 0.835106 0.112635 0.193046
0 0.149648 0.706222 0.242130 0.299778
0 0.341870 0.634866 0.085656 0.097120
0 0.740477 0.591704 0.060026 0.142685
0 0.568826 0.444218 0.048557 0.080343
0 0.629865 0.415444 0.053281 0.123500
0 0.651445 0.375273 0.014161 0.043157
0 0.671680 0.356088 0.016859 0.038361
0 0.695961 0.369880 0.034401 0.075537
0 0.708776 0.323713 0.024958 0.033574
0 0.742836 0.330310 0.026974 0.049157
0 0.735417 0.287745 0.021583 0.040769
0 0.706078 0.291343 0.019562 0.038370
0 0.663924 0.335704 0.025630 0.043167
0 0.635260 0.323718 0.031698 0.045565
0 0.494971 0.396856 0.047891 0.074343
0 0.206979 0.718796 0.107240 0.113907
0 0.664260 0.275750 0.023604 0.033574
0 0.682133 0.298537 0.020234 0.038370
0 0.685844 0.269755 0.018208 0.031176
0 0.692253 0.251171 0.014839 0.027583
0 0.701357 0.237380 0.012818 0.023981
0 0.718219 0.238583 0.022260 0.057556
0 0.739802 0.233185 0.012813 0.029981
0 0.738115 0.197815 0.010792 0.033574
