0 0.866745 0.330532 0.030156 0.072917
0 0.464453 0.340185 0.038604 0.053611
0 0.577240 0.319810 0.044635 0.060046
0 0.070604 0.754065 0.141135 0.139389
0 0.343224 0.774440 0.133896 0.171565
0 0.550701 0.290861 0.025328 0.053611
0 0.560956 0.839847 0.137516 0.225176
0 0.691232 0.192213 0.079609 0.109370
0 0.658060 0.225449 0.022922 0.038602
0 0.636346 0.223306 0.025328 0.042889
0 0.696661 0.251185 0.025333 0.034315
0 0.795576 0.199718 0.104943 0.111509
0 0.849857 0.253329 0.018099 0.025731
0 0.831763 0.286569 0.027745 0.040750
0 0.798591 0.279065 0.033776 0.072907
0 0.768435 0.260838 0.026536 0.070769
0 0.785320 0.318741 0.033776 0.053611
0 0.156250 0.331606 0.059104 0.062194
0 0.597747 0.281208 0.032568 0.047176
0 0.627299 0.275847 0.041016 0.062194
0 0.657456 0.283352 0.021714 0.051463
0 0.725609 0.383074 0.037396 0.062185
0 0.753354 0.419528 0.044635 0.075056
0 0.799193 0.480648 0.042219 0.098648
0 0.876997 0.395940 0.050661 0.062194
0 0.629107 0.416310 0.051870 0.090065
0 0.677359 0.448477 0.059104 0.111509
0 0.621268 0.565352 0.089266 0.165130
0 0.539242 0.387361 0.053078 0.083630
0 0.316083 0.478505 0.079615 0.081491
0 0.141776 0.625398 0.133896 0.126519
0 0.454201 0.762648 0.131484 0.186574
0 0.509687 0.314449 0.044635 0.087917
0 0.821510 0.346616 0.041010 0.075065
