0 0.039375 0.499375 0.053958 0.075546
0 0.518242 0.861477 0.140286 0.267398
0 0.101750 0.760167 0.157125 0.153481
0 0.780943 0.152852 0.023604 0.034778
0 0.779594 0.131870 0.016865 0.028778
0 0.739799 0.138463 0.014161 0.022778
0 0.656167 0.188824 0.029000 0.034778
0 0.624130 0.183426 0.032375 0.038370
0 0.664599 0.135468 0.018885 0.026380
0 0.670331 0.150454 0.019557 0.025185
0 0.700344 0.145657 0.016188 0.029981
0 0.704055 0.125875 0.015516 0.026380
0 0.716534 0.130069 0.014839 0.022787
0 0.729010 0.115083 0.012812 0.019185
0 0.726313 0.104287 0.011469 0.019185
0 0.759359 0.118681 0.012812 0.021583
0 0.752615 0.128870 0.011469 0.025185
0 0.009232 0.527551 0.018464 0.057546
0 0.022385 0.447213 0.044771 0.062352
0 0.048479 0.432227 0.033052 0.049157
0 0.045096 0.383676 0.084286 0.083944
0 0.185732 0.429833 0.120057 0.128296
0 0.469005 0.256569 0.118708 0.151083
0 0.513518 0.290144 0.052609 0.064750
0 0.579279 0.211583 0.042495 0.065907
0 0.597154 0.255366 0.036422 0.059954
0 0.679773 0.234986 0.033047 0.062343
0 0.600862 0.393259 0.064078 0.107907
0 0.753628 0.408245 0.048557 0.116306
0 0.897964 0.636065 0.040469 0.080333
0 0.903357 0.715199 0.044516 0.073139
0 0.967865 0.645056 0.064271 0.129500
0 0.963393 0.586907 0.071474 0.094722
0 0.770826 0.208606 0.034401 0.045565
0 0.708102 0.182231 0.023609 0.033574
0 0.726310 0.157648 0.023609 0.034778
0 0.758685 0.150454 0.012818 0.032370
