0 0.643635 0.409472 0.082958 0.128296
0 0.684104 0.164870 0.023604 0.027574
0 0.675339 0.188250 0.023604 0.028778
0 0.647349 0.209829 0.043167 0.026380
0 0.811578 0.206833 0.016865 0.041963
0 0.874977 0.245204 0.012818 0.029981
0 0.841255 0.231417 0.022260 0.052759
0 0.752227 0.266190 0.030349 0.040769
0 0.703328 0.249403 0.032375 0.045565
0 0.764042 0.406477 0.048583 0.079139
0 0.757284 0.292569 0.035068 0.069546
0 0.663872 0.318944 0.060026 0.081537
0 0.896560 0.182856 0.010120 0.020398
0 0.879698 0.194245 0.010115 0.026380
0 0.092604 0.346523 0.069469 0.059954
0 0.330687 0.251796 0.064073 0.047963
0 0.322255 0.304560 0.035073 0.050361
0 0.439951 0.287171 0.070818 0.065954
0 0.506385 0.176259 0.090375 0.071944
0 0.559331 0.157074 0.024953 0.035963
0 0.601484 0.170861 0.063396 0.065944
