0 0.443039 0.307528 0.014161 0.039574
0 0.462935 0.323713 0.012141 0.028778
0 0.471701 0.320120 0.009443 0.019185
0 0.484180 0.321315 0.012818 0.023981
0 0.747219 0.411847 0.066771 0.082731
0 0.592094 0.360287 0.023604 0.025185
0 0.572198 0.337505 0.024281 0.034769
0 0.461247 0.300931 0.014161 0.021583
0 0.517904 0.360884 0.027651 0.028769
0 0.482831 0.368681 0.029005 0.039565
0 0.452482 0.343500 0.014161 0.022778
0 0.424154 0.356690 0.022255 0.039565
0 0.421792 0.394458 0.026979 0.043157
0 0.464958 0.386667 0.028323 0.046759
0 0.551625 0.409444 0.034396 0.041963
0 0.518578 0.434625 0.042490 0.058750
0 0.643690 0.523954 0.071495 0.083926
0 0.731708 0.690023 0.101844 0.149880
0 0.494297 0.334505 0.015510 0.021583
0 0.473388 0.338704 0.008766 0.025185
0 0.447083 0.327315 0.015510 0.028778
0 0.424490 0.317120 0.016187 0.025185
0 0.598164 0.658847 0.081609 0.145083
0 0.460911 0.445417 0.036417 0.056352
0 0.394823 0.493995 0.052625 0.079176
0 0.226201 0.929231 0.169964 0.139093
0 0.505424 0.350093 0.017536 0.023981
