0 0.783302 0.194819 0.018885 0.029972
0 0.141880 0.846519 0.269802 0.304519
0 0.030607 0.666042 0.041818 0.125898
0 0.046112 0.774556 0.074203 0.167870
0 0.322310 0.555731 0.153099 0.190648
0 0.491599 0.485579 0.234042 0.326157
0 0.544544 0.330310 0.064745 0.075546
0 0.625482 0.338699 0.058005 0.101917
0 0.460560 0.725977 0.348672 0.528806
0 0.689891 0.776954 0.127469 0.270981
0 0.784990 0.519157 0.058677 0.122296
0 0.898974 0.178634 0.018208 0.035972
0 0.799828 0.188824 0.016865 0.032370
0 0.721927 0.421440 0.087677 0.202639
0 0.658867 0.269755 0.046536 0.055157
0 0.708776 0.240977 0.034396 0.045565
0 0.720578 0.312921 0.094427 0.146287
0 0.690227 0.285347 0.039120 0.055157
0 0.800164 0.318315 0.076891 0.166667
0 0.832878 0.408847 0.038443 0.107917
0 0.859180 0.317120 0.030349 0.061148
0 0.875703 0.258968 0.018885 0.059954
0 0.846026 0.251171 0.024281 0.051565
0 0.825458 0.220000 0.029000 0.051556
0 0.793083 0.221194 0.026302 0.037167
0 0.741826 0.224194 0.033047 0.035963
0 0.766779 0.206208 0.019557 0.035972
0 0.688542 0.146259 0.029000 0.038370
0 0.461586 0.203213 0.090380 0.094722
0 0.513521 0.185222 0.040469 0.051556
0 0.602211 0.157648 0.045193 0.051556
0 0.863227 0.214602 0.031703 0.069537
