0 0.216083 0.809926 0.024281 0.053963
0 0.445401 0.639662 0.010792 0.041972
0 0.439667 0.660046 0.024958 0.039574
0 0.479458 0.696616 0.018208 0.035972
0 0.456526 0.681032 0.007417 0.031176
0 0.441690 0.689421 0.019557 0.035972
0 0.448771 0.733787 0.025625 0.043167
0 0.457875 0.778148 0.029000 0.067148
0 0.512172 0.830310 0.037771 0.068343
0 0.509474 0.772157 0.016188 0.052759
0 0.746547 0.883667 0.023604 0.047963
0 0.573208 0.969398 0.061375 0.034778
0 0.401557 0.621676 0.010792 0.015593
0 0.400211 0.612685 0.009443 0.019185
0 0.400547 0.603093 0.014167 0.019185
0 0.399198 0.578509 0.012813 0.022778
0 0.378289 0.534745 0.012818 0.026380
0 0.378625 0.524556 0.013490 0.032370
0 0.407966 0.542542 0.008766 0.020380
0 0.418083 0.546736 0.008771 0.016787
0 0.550276 0.921435 0.050583 0.075537
0 0.495307 0.917241 0.053958 0.076741
0 0.471367 0.841097 0.038443 0.082731
0 0.068036 0.834505 0.072167 0.050361
0 0.091307 0.807528 0.174010 0.111519
0 0.251154 0.742782 0.089026 0.077935
0 0.264982 0.796134 0.057328 0.055157
0 0.303763 0.868681 0.028328 0.073139
0 0.343216 0.808125 0.035745 0.079139
0 0.400208 0.856690 0.029677 0.068343
0 0.440341 0.570116 0.010120 0.020380
0 0.455854 0.584505 0.012812 0.027583
0 0.367500 0.596495 0.018208 0.053954
0 0.364799 0.639662 0.016859 0.022787
0 0.363451 0.666042 0.016859 0.027583
0 0.358055 0.691222 0.019557 0.029981
0 0.352323 0.741579 0.031021 0.063546
0 0.391443 0.759565 0.032375 0.058759
0 0.382000 0.697815 0.021583 0.035963
0 0.403245 0.675032 0.016865 0.021583
0 0.402234 0.639662 0.013490 0.025176
