0 0.541120 0.158875 0.008771 0.015583
0 0.561016 0.258995 0.032375 0.059954
0 0.617669 0.291968 0.020234 0.053954
0 0.690513 0.459231 0.048557 0.088722
0 0.685792 0.251796 0.029677 0.038370
0 0.530667 0.231417 0.010792 0.033574
0 0.639591 0.203838 0.024953 0.045565
0 0.629810 0.220620 0.014839 0.033574
0 0.611263 0.202037 0.012818 0.025185
0 0.579562 0.220620 0.015510 0.023981
0 0.570797 0.194843 0.016865 0.025185
0 0.530667 0.197843 0.010792 0.023981
0 0.479742 0.220023 0.016859 0.022787
0 0.448380 0.210431 0.021583 0.029972
0 0.383297 0.519185 0.047885 0.110315
0 0.311466 0.937648 0.101172 0.076741
0 0.310792 0.424463 0.053958 0.067148
0 0.283813 0.332736 0.113313 0.101917
0 0.010992 0.616306 0.016859 0.067148
0 0.391391 0.257792 0.019562 0.035972
0 0.402857 0.233810 0.019557 0.026380
0 0.419378 0.210431 0.014839 0.022787
0 0.420729 0.233213 0.010792 0.022778
0 0.427810 0.249403 0.016859 0.026380
0 0.430172 0.280579 0.024281 0.026380
0 0.501328 0.342926 0.031698 0.057556
0 0.515154 0.248199 0.022932 0.040769
0 0.496604 0.187046 0.010115 0.019185
