0 0.694273 0.479472 0.017536 0.033574
0 0.714172 0.456690 0.014167 0.021583
0 0.729010 0.460884 0.015510 0.039565
0 0.758685 0.546019 0.015516 0.046759
0 0.805224 0.491458 0.012812 0.035972
0 0.831526 0.473472 0.015510 0.023981
0 0.871320 0.402731 0.016859 0.035963
0 0.931346 0.323597 0.035745 0.050361
0 0.966419 0.254051 0.020911 0.059954
0 0.931010 0.284023 0.013490 0.021583
0 0.912464 0.290019 0.012812 0.028778
0 0.906057 0.308606 0.016188 0.032380
0 0.850747 0.358968 0.017536 0.029972
0 0.860529 0.337986 0.014161 0.031176
0 0.826469 0.361968 0.014833 0.021583
0 0.824781 0.382944 0.010115 0.027574
0 0.813654 0.381745 0.014839 0.025176
0 0.796117 0.385944 0.017536 0.019185
0 0.776221 0.418319 0.015516 0.026380
0 0.752615 0.423116 0.015510 0.031176
0 0.625818 0.537028 0.011469 0.033574
0 0.671344 0.519639 0.028323 0.032370
0 0.647737 0.535824 0.016182 0.033574
0 0.669992 0.499856 0.009443 0.021583
0 0.708440 0.478269 0.009443 0.028778
0 0.126716 0.951292 0.109932 0.075546
0 0.235302 0.908065 0.101844 0.082611
0 0.053198 0.975944 0.082958 0.048111
0 0.476760 0.782824 0.034396 0.047963
0 0.529370 0.737866 0.030354 0.044361
0 0.572195 0.695898 0.031026 0.034778
0 0.635596 0.670718 0.017536 0.034769
0 0.655156 0.650931 0.013490 0.040769
0 0.663586 0.605968 0.029005 0.056361
0 0.584674 0.586782 0.011464 0.034769
0 0.489576 0.665921 0.016859 0.032380
0 0.588383 0.564000 0.014839 0.032370
0 0.605583 0.568199 0.015510 0.031176
0 0.632898 0.552009 0.012141 0.032370
