0 0.554661 0.236185 0.049906 0.059944
0 0.605247 0.236782 0.036422 0.053954
0 0.645714 0.282347 0.041812 0.068343
0 0.706078 0.180431 0.020906 0.039565
0 0.735755 0.190620 0.026302 0.045556
0 0.774872 0.158847 0.026307 0.041972
0 0.783641 0.126472 0.019562 0.044370
0 0.762057 0.134264 0.014167 0.026380
0 0.731034 0.141463 0.019557 0.038370
0 0.686182 0.155852 0.018885 0.038370
0 0.637281 0.163644 0.023604 0.039565
0 0.620422 0.157648 0.020906 0.029981
0 0.655495 0.122875 0.034396 0.058750
0 0.703380 0.134264 0.015510 0.026380
0 0.754638 0.123472 0.014161 0.023981
0 0.724289 0.088704 0.049234 0.091130
0 0.779932 0.076111 0.037771 0.061148
0 0.078154 0.388463 0.087005 0.100722
0 0.020151 0.373477 0.038448 0.092324
0 0.127727 0.441819 0.044516 0.049157
0 0.106143 0.480792 0.028328 0.045565
0 0.086247 0.452014 0.035745 0.055157
0 0.063990 0.482588 0.045188 0.070750
0 0.744185 0.384866 0.053953 0.136694
0 0.666284 0.882468 0.142307 0.153472
0 0.297690 0.896255 0.180755 0.130694
0 0.060956 0.929829 0.109266 0.056361
0 0.047466 0.817718 0.084984 0.153472
0 0.221815 0.501171 0.100495 0.086324
0 0.038026 0.512565 0.043167 0.070741
0 0.012393 0.532949 0.022932 0.068343
0 0.029932 0.459806 0.032375 0.046759
0 0.420107 0.315319 0.054630 0.059954
0 0.471029 0.330310 0.058005 0.077935
