0 0.502052 0.184028 0.002698 0.013185
0 0.534427 0.908847 0.070146 0.129491
0 0.638630 0.820116 0.072167 0.151083
0 0.757674 0.780546 0.064745 0.115111
0 0.527685 0.585106 0.022932 0.055157
0 0.345917 0.541940 0.015510 0.050361
0 0.357044 0.366880 0.014839 0.033574
0 0.199221 0.335106 0.036422 0.032380
0 0.484518 0.342903 0.020234 0.040769
0 0.574557 0.373477 0.024958 0.044361
0 0.500367 0.240380 0.018214 0.037167
0 0.523292 0.247583 0.015500 0.025204
0 0.491599 0.206208 0.014167 0.021583
0 0.509810 0.185829 0.014161 0.040769
0 0.496656 0.178630 0.008094 0.014389
0 0.536789 0.196616 0.010120 0.023972
0 0.262620 0.731389 0.043167 0.100722
0 0.322984 0.906449 0.057333 0.136694
