0 0.484854 0.328514 0.023604 0.069546
0 0.544880 0.097694 0.007417 0.015593
0 0.572534 0.183431 0.019557 0.035972
0 0.587034 0.213403 0.022932 0.047954
0 0.619073 0.222398 0.034396 0.085130
0 0.561742 0.423833 0.060026 0.104315
0 0.742836 0.398657 0.053953 0.104315
0 0.649422 0.170838 0.012813 0.020380
0 0.622784 0.151653 0.020234 0.027583
0 0.603898 0.157648 0.012141 0.025185
0 0.603560 0.135463 0.008766 0.023981
0 0.610305 0.125870 0.010120 0.014389
0 0.635935 0.144458 0.010120 0.015583
0 0.642003 0.156449 0.011464 0.015583
0 0.532068 0.102491 0.014167 0.022778
0 0.468667 0.128273 0.029000 0.026380
0 0.452818 0.117477 0.026979 0.021583
0 0.586023 0.114481 0.011464 0.022778
0 0.601201 0.104889 0.009443 0.020389
0 0.538138 0.085704 0.011464 0.010796
0 0.533078 0.077310 0.008094 0.005991
0 0.540836 0.074912 0.006068 0.008398
0 0.593107 0.094097 0.009443 0.015583
0 0.484516 0.112685 0.018885 0.038370
0 0.377279 0.621079 0.111964 0.201435
