0 0.350638 0.035944 0.010120 0.019185
0 0.336813 0.031750 0.013490 0.017981
0 0.318263 0.034148 0.014161 0.022778
0 0.361427 0.057528 0.012813 0.023981
0 0.337484 0.056324 0.013490 0.023981
0 0.314891 0.080907 0.016865 0.029981
0 0.335125 0.102491 0.014167 0.037167
0 0.309495 0.160046 0.029000 0.041963
0 0.238003 0.295537 0.045193 0.068352
0 0.165161 0.777551 0.093750 0.205028
0 0.261607 0.886065 0.078911 0.199037
0 0.679438 0.906449 0.107917 0.179861
0 0.440680 0.118681 0.020234 0.035972
0 0.464958 0.199014 0.022927 0.062343
0 0.352661 0.027551 0.011469 0.016787
