0 0.275435 0.778750 0.194245 0.358519
0 0.644026 0.532949 0.096448 0.135491
0 0.400547 0.581509 0.116677 0.165463
0 0.285216 0.571315 0.078911 0.128296
0 0.430898 0.830310 0.140964 0.212231
0 0.181010 0.121676 0.017531 0.020389
0 0.323323 0.095296 0.120052 0.049167
0 0.252167 0.130069 0.019563 0.032380
0 0.229909 0.148056 0.018214 0.044370
0 0.215745 0.134264 0.012812 0.031176
0 0.213385 0.116880 0.021583 0.046759
0 0.304435 0.134866 0.020234 0.029972
0 0.275771 0.155852 0.018208 0.033574
0 0.345242 0.118079 0.018214 0.027583
0 0.331417 0.133065 0.013490 0.023981
0 0.328716 0.157648 0.020234 0.032370
0 0.304099 0.158847 0.022260 0.032380
0 0.378628 0.183431 0.025630 0.040769
0 0.345917 0.197218 0.026302 0.034769
0 0.307133 0.193616 0.022932 0.039565
0 0.212034 0.196616 0.020234 0.047954
0 0.217768 0.169037 0.015516 0.028778
0 0.187417 0.178634 0.019563 0.035972
0 0.174940 0.151056 0.017536 0.033574
0 0.159430 0.173236 0.022932 0.034769
0 0.129076 0.254769 0.033724 0.049167
0 0.173255 0.227792 0.026302 0.043157
0 0.214396 0.231986 0.023604 0.046769
0 0.199221 0.250569 0.017536 0.045565
0 0.230922 0.299736 0.043167 0.074343
0 0.183034 0.292542 0.032370 0.093528
0 0.160779 0.310528 0.014839 0.057556
0 0.134810 0.320718 0.033047 0.070750
0 0.139531 0.403454 0.055979 0.085130
0 0.192474 0.407046 0.029677 0.070741
0 0.307135 0.238583 0.037771 0.071944
0 0.339510 0.228394 0.029677 0.049157
0 0.423141 0.210407 0.051260 0.075537
0 0.393128 0.243977 0.029005 0.037176
0 0.383685 0.281148 0.038443 0.061148
0 0.437643 0.291338 0.026307 0.045565
0 0.579268 0.327292 0.060005 0.071898
0 0.619070 0.429829 0.076214 0.106713
0 0.811966 0.480792 0.081609 0.103120
0 0.903693 0.666639 0.109938 0.163074
