0 0.568826 0.521560 0.006745 0.021583
0 0.718219 0.637264 0.033052 0.049157
0 0.531391 0.618079 0.034396 0.044361
0 0.600526 0.622875 0.029677 0.051565
0 0.664935 0.766759 0.062724 0.106722
0 0.923255 0.736185 0.085656 0.091130
0 0.883799 0.774551 0.063401 0.088731
0 0.838273 0.629468 0.119380 0.146287
0 0.809607 0.670838 0.053953 0.077935
0 0.579279 0.531148 0.012818 0.033574
0 0.550953 0.528750 0.015510 0.023981
0 0.555672 0.549134 0.018208 0.021583
0 0.751268 0.600093 0.038443 0.051556
0 0.676740 0.566519 0.026979 0.039574
