0 0.335799 0.243977 0.019557 0.058750
0 0.372557 0.350093 0.029677 0.059944
0 0.590409 0.272157 0.036422 0.062352
0 0.200906 0.094097 0.008771 0.029972
0 0.194161 0.097694 0.007417 0.027574
0 0.396500 0.143856 0.023604 0.045565
0 0.709786 0.325509 0.110615 0.147481
0 0.816352 0.919639 0.186151 0.124704
0 0.372557 0.111486 0.010792 0.026380
0 0.582313 0.538944 0.037771 0.080333
0 0.917185 0.419037 0.033047 0.073148
0 0.589060 0.619880 0.044516 0.100722
0 0.214060 0.095296 0.006745 0.025185
0 0.244409 0.153454 0.012141 0.038370
0 0.277456 0.170236 0.012141 0.035972
0 0.304099 0.200213 0.014167 0.040759
