0 0.172242 0.188222 0.016182 0.023981
0 0.426177 0.360884 0.019562 0.031176
0 0.401560 0.356088 0.009443 0.026380
0 0.262958 0.273954 0.006073 0.015593
0 0.251156 0.287144 0.013490 0.017991
0 0.255878 0.292542 0.009443 0.011991
0 0.256552 0.302731 0.013490 0.015593
0 0.268016 0.314120 0.013490 0.019185
0 0.219792 0.433426 0.020906 0.032370
0 0.226536 0.563523 0.022260 0.052750
0 0.190453 0.598296 0.013490 0.028778
0 0.206638 0.710403 0.012141 0.044361
0 0.192474 0.724194 0.013490 0.035963
0 0.191799 0.689426 0.012141 0.033574
0 0.179997 0.177431 0.012818 0.021583
0 0.191464 0.152852 0.008771 0.022778
0 0.196859 0.196019 0.007417 0.020389
0 0.184383 0.252968 0.006745 0.021583
0 0.187753 0.264361 0.009443 0.027574
0 0.199557 0.256565 0.011469 0.019185
0 0.198883 0.266759 0.014161 0.015593
0 0.198208 0.841102 0.015510 0.049167
0 0.219456 0.926231 0.039120 0.049167
0 0.389417 0.615079 0.032375 0.069546
0 0.198883 0.516759 0.019557 0.043167
0 0.333102 0.450810 0.016859 0.031176
0 0.354008 0.510167 0.033047 0.029981
0 0.400885 0.496977 0.053958 0.061157
0 0.380987 0.567120 0.043839 0.033574
0 0.345917 0.646856 0.022260 0.037176
0 0.351648 0.617477 0.033724 0.059954
0 0.199219 0.281745 0.010792 0.021583
0 0.190789 0.333907 0.007422 0.027574
0 0.193148 0.380671 0.006745 0.025176
0 0.183708 0.428032 0.008094 0.031176
0 0.199557 0.447218 0.010115 0.026380
0 0.569836 0.736185 0.024953 0.064741
0 0.599852 0.761366 0.041818 0.107917
0 0.415047 0.726593 0.024281 0.057556
0 0.633909 0.842898 0.054630 0.110315
0 0.662911 0.929829 0.069469 0.106713
0 0.853109 0.810528 0.019562 0.057556
0 0.731370 0.666042 0.024281 0.049157
0 0.711474 0.634264 0.019562 0.050361
0 0.697648 0.592898 0.022932 0.041963
0 0.148299 0.203810 0.014161 0.023972
0 0.138857 0.228986 0.014161 0.026380
0 0.162125 0.208606 0.016187 0.026380
0 0.121656 0.281148 0.021583 0.046759
0 0.131776 0.255370 0.016188 0.023981
0 0.178987 0.118079 0.012141 0.041972
0 0.197198 0.088102 0.013490 0.025185
0 0.184044 0.076111 0.014161 0.025185
0 0.200232 0.116278 0.004724 0.019185
0 0.203604 0.143856 0.007417 0.021583
0 0.210685 0.115079 0.009443 0.021583
0 0.210010 0.084505 0.008094 0.022787
0 0.243398 0.116880 0.008766 0.022778
0 0.261271 0.129468 0.008094 0.021583
0 0.258911 0.176833 0.006073 0.025185
0 0.247107 0.211606 0.009443 0.025176
0 0.274768 0.169639 0.017547 0.037167
0 0.243398 0.050931 0.007422 0.025176
0 0.243063 0.087500 0.013490 0.019185
0 0.676065 0.555731 0.020234 0.046759
0 0.647401 0.505370 0.020906 0.032370
0 0.631888 0.483190 0.016859 0.035972
0 0.623120 0.466403 0.015510 0.035972
