0 0.670331 0.616880 0.050589 0.089926
0 0.557698 0.419634 0.053281 0.055157
0 0.633237 0.392657 0.039797 0.049167
0 0.786010 0.418440 0.043187 0.074343
0 0.734404 0.369278 0.035745 0.043167
0 0.789036 0.348898 0.041146 0.047963
0 0.836247 0.302731 0.027651 0.037167
0 0.895263 0.289542 0.078234 0.092324
0 0.973260 0.242782 0.053479 0.077935
0 0.995086 0.257764 0.009443 0.035972
0 0.936068 0.246375 0.026302 0.041972
0 0.768802 0.254167 0.018208 0.038370
0 0.828492 0.239181 0.032370 0.025176
0 0.906393 0.200213 0.024953 0.028778
0 0.331753 0.321917 0.027651 0.058759
0 0.310169 0.260764 0.024953 0.032380
