0 0.641734 0.231384 0.019563 0.021583
0 0.754706 0.438819 0.043161 0.074343
0 0.791799 0.428630 0.033724 0.053963
0 0.906797 0.583306 0.058677 0.123500
0 0.719635 0.390861 0.035073 0.067148
0 0.671409 0.270356 0.016859 0.037176
0 0.675794 0.252972 0.013484 0.023981
0 0.683552 0.240981 0.018208 0.019185
0 0.678492 0.216398 0.013484 0.022778
0 0.119703 0.615083 0.091052 0.091130
0 0.128133 0.476593 0.070141 0.085130
0 0.705133 0.203208 0.012818 0.025176
0 0.765159 0.250569 0.016859 0.031176
0 0.785055 0.250574 0.014839 0.028778
0 0.544273 0.356690 0.025630 0.044361
0 0.532810 0.314722 0.025630 0.041963
0 0.774604 0.485588 0.042490 0.059954
0 0.792474 0.239181 0.013490 0.020380
