0 0.603224 0.097694 0.008094 0.017981
0 0.570172 0.139060 0.018885 0.021583
0 0.646388 0.134264 0.016182 0.026380
0 0.606932 0.136065 0.018208 0.039574
0 0.587711 0.119278 0.012141 0.027574
0 0.565117 0.281148 0.035745 0.065944
0 0.595128 0.173236 0.033724 0.049157
0 0.551964 0.170838 0.010792 0.022787
0 0.566802 0.174435 0.008094 0.027574
0 0.561068 0.206810 0.024958 0.049157
0 0.829167 0.308125 0.107917 0.182250
0 0.724964 0.211005 0.055979 0.088731
0 0.509471 0.309921 0.055307 0.130694
0 0.647401 0.076111 0.012812 0.015593
0 0.613677 0.090500 0.008771 0.017981
0 0.614688 0.100093 0.008094 0.015593
0 0.632224 0.100694 0.013490 0.038370
0 0.294659 0.429227 0.073516 0.093528
0 0.608281 0.110884 0.010115 0.015583
0 0.453831 0.319519 0.041141 0.068352
