0 0.520602 0.360287 0.029005 0.051556
0 0.533078 0.256569 0.016187 0.026380
0 0.454841 0.258968 0.006745 0.026380
0 0.429885 0.258963 0.024281 0.033574
0 0.644365 0.243977 0.013490 0.029972
0 0.606932 0.270356 0.016865 0.029972
0 0.412349 0.275755 0.013490 0.031176
0 0.509810 0.279352 0.016859 0.033574
0 0.489240 0.266157 0.016188 0.028778
0 0.464284 0.308727 0.029672 0.044361
0 0.513518 0.326713 0.025630 0.039574
0 0.468669 0.383065 0.041141 0.046759
0 0.548591 0.442417 0.043161 0.067148
0 0.625479 0.943620 0.118708 0.091130
0 0.644701 0.661241 0.089703 0.133093
0 0.513857 0.591097 0.058682 0.098324
0 0.470016 0.470597 0.022260 0.056361
0 0.338161 0.345296 0.032375 0.047963
0 0.205292 0.251171 0.035073 0.044361
