0 0.372557 0.278153 0.033719 0.064750
0 0.590070 0.113282 0.016859 0.025176
0 0.598164 0.134866 0.022255 0.034769
0 0.802523 0.416042 0.108589 0.215824
0 0.635935 0.407051 0.054630 0.082731
0 0.655831 0.260764 0.036422 0.056361
0 0.654143 0.172634 0.024953 0.035972
0 0.595466 0.231389 0.024953 0.047963
0 0.619409 0.185824 0.028328 0.038370
0 0.384023 0.192421 0.025630 0.034769
0 0.411339 0.138463 0.023604 0.034778
0 0.347266 0.160648 0.026302 0.033574
0 0.320961 0.398056 0.047891 0.067148
0 0.022513 0.661245 0.044516 0.135491
0 0.232945 0.612685 0.058005 0.091130
0 0.206302 0.504769 0.066771 0.122296
