0 0.496320 0.145060 0.023609 0.035972
0 0.567138 0.174435 0.027651 0.041963
0 0.560732 0.212801 0.026974 0.053954
0 0.583664 0.194218 0.028328 0.043157
0 0.525997 0.167838 0.038443 0.064750
0 0.500367 0.196014 0.026307 0.034769
0 0.492273 0.179829 0.020911 0.035972
0 0.403583 0.541940 0.062052 0.107917
0 0.461250 0.443019 0.047885 0.085130
0 0.524313 0.374074 0.045865 0.069537
0 0.368849 0.157046 0.020906 0.028778
0 0.322310 0.130667 0.012818 0.019185
0 0.321971 0.145060 0.014839 0.026380
0 0.321297 0.166639 0.018885 0.028778
0 0.451805 0.182829 0.027651 0.034769
0 0.464284 0.190023 0.022932 0.034769
0 0.467654 0.217000 0.025630 0.038370
0 0.517568 0.218796 0.029677 0.041963
0 0.594792 0.367477 0.043844 0.068343
0 0.590073 0.425630 0.050583 0.081537
0 0.586359 0.524551 0.062052 0.135491
0 0.489914 0.588704 0.072839 0.124704
0 0.444049 0.724778 0.084984 0.185815
0 0.555000 0.729588 0.085656 0.173861
0 0.676740 0.740384 0.072844 0.140287
0 0.682799 0.909458 0.095755 0.181083
0 0.510482 0.959218 0.097797 0.081565
0 0.228560 0.959806 0.108589 0.068352
0 0.152008 0.664241 0.090380 0.107907
0 0.025211 0.728389 0.044516 0.157074
0 0.009698 0.565921 0.016188 0.076731
0 0.108844 0.437023 0.064750 0.065954
0 0.160440 0.365681 0.024953 0.050361
0 0.187419 0.325514 0.043839 0.065954
0 0.248794 0.341102 0.046536 0.061148
0 0.285888 0.464602 0.062724 0.085130
0 0.371544 0.322514 0.046536 0.055157
0 0.343219 0.268560 0.031698 0.055157
0 0.524984 0.248773 0.040469 0.065954
0 0.390094 0.230787 0.029677 0.051556
0 0.300052 0.272755 0.037094 0.049157
0 0.307135 0.226588 0.026979 0.031176
0 0.299378 0.205009 0.027651 0.035963
0 0.327706 0.214000 0.022255 0.039574
0 0.339172 0.178028 0.024958 0.039574
0 0.346927 0.152255 0.024281 0.035972
0 0.214734 0.260167 0.043167 0.079130
0 0.221141 0.225394 0.030354 0.059954
0 0.235305 0.196014 0.020911 0.025176
0 0.242388 0.175037 0.017536 0.033574
0 0.221141 0.161847 0.022260 0.031176
0 0.383349 0.151056 0.010792 0.028778
0 0.451133 0.381269 0.049234 0.086333
0 0.461586 0.324315 0.039120 0.077944
0 0.467992 0.282347 0.030349 0.051565
0 0.476086 0.252370 0.034401 0.056352
0 0.517565 0.320718 0.037766 0.087528
0 0.580292 0.283546 0.035073 0.061148
0 0.628513 0.272157 0.041141 0.052759
0 0.643690 0.312921 0.040464 0.055157
0 0.650771 0.363282 0.047885 0.067139
0 0.665612 0.438819 0.057328 0.093528
0 0.684156 0.496972 0.067448 0.142685
0 0.751940 0.355491 0.062724 0.089926
0 0.875706 0.463403 0.094422 0.135491
0 0.687867 0.248176 0.035745 0.076741
0 0.616375 0.242176 0.034396 0.043167
0 0.569161 0.231991 0.037094 0.051556
0 0.602885 0.225995 0.031698 0.044361
0 0.540833 0.178634 0.026302 0.031176
0 0.542859 0.197815 0.023604 0.040759
0 0.416734 0.121079 0.034396 0.035972
0 0.445398 0.143856 0.012141 0.021583
0 0.431573 0.144458 0.016865 0.022787
0 0.444049 0.155852 0.021578 0.023981
0 0.472375 0.154648 0.021583 0.028778
0 0.475750 0.130069 0.021583 0.029972
