0 0.662237 0.065917 0.006068 0.014389
0 0.672018 0.092296 0.004047 0.014389
0 0.681458 0.117481 0.013490 0.019185
0 0.860529 0.183431 0.014161 0.026380
0 0.839958 0.293741 0.039115 0.057556
0 0.791060 0.290144 0.037099 0.055157
0 0.784651 0.215801 0.024281 0.040769
0 0.770813 0.175056 0.023583 0.038407
0 0.749242 0.187625 0.023609 0.044361
0 0.709451 0.151051 0.023609 0.045565
0 0.671680 0.172634 0.023609 0.040769
0 0.133461 0.478389 0.105891 0.119907
0 0.386385 0.529949 0.093750 0.146287
0 0.471029 0.563537 0.093078 0.160704
0 0.660888 0.049130 0.007422 0.014389
0 0.671344 0.064718 0.005396 0.011991
0 0.721930 0.100690 0.014839 0.035972
0 0.701695 0.094097 0.014839 0.037176
0 0.679773 0.090500 0.008766 0.010796
