0 0.218443 0.251769 0.022260 0.047963
0 0.187417 0.279949 0.011469 0.032380
0 0.325682 0.714602 0.111281 0.172667
0 0.386383 0.188824 0.010120 0.022778
0 0.415385 0.129472 0.010115 0.019185
0 0.410328 0.303329 0.016188 0.031176
0 0.413362 0.263764 0.016859 0.031176
0 0.389419 0.223593 0.014839 0.037167
0 0.835911 0.487981 0.083635 0.117500
0 0.404255 0.108486 0.013490 0.027583
0 0.406956 0.143856 0.009443 0.026380
0 0.404930 0.190620 0.014839 0.038370
0 0.368172 0.496375 0.026302 0.059954
0 0.408977 0.459806 0.028328 0.061148
0 0.377279 0.348292 0.028328 0.053954
0 0.411674 0.344102 0.022932 0.038370
0 0.241039 0.190019 0.020234 0.041963
0 0.210687 0.192421 0.018885 0.034769
