0 0.215745 0.185829 0.012812 0.026380
0 0.200906 0.211602 0.011469 0.022778
0 0.350977 0.255370 0.025630 0.043167
0 0.222828 0.197213 0.010792 0.022778
0 0.257898 0.252968 0.014839 0.026380
0 0.244411 0.259565 0.013490 0.029981
0 0.232268 0.230787 0.006745 0.020389
0 0.218443 0.225995 0.014167 0.039565
0 0.203943 0.239778 0.010792 0.033574
0 0.158753 0.252968 0.009443 0.026380
0 0.146951 0.266759 0.010120 0.029981
0 0.192138 0.348894 0.022255 0.035972
0 0.280156 0.288343 0.024281 0.039574
0 0.250818 0.295537 0.026302 0.049167
0 0.659867 0.499944 0.094089 0.120093
0 0.342018 0.401301 0.063932 0.128676
0 0.239013 0.196014 0.012141 0.025176
0 0.227419 0.556778 0.044630 0.066481
0 0.371570 0.592157 0.069964 0.094352
0 0.226201 0.320718 0.041818 0.077935
0 0.288924 0.360282 0.036422 0.063546
0 0.450120 0.233185 0.021583 0.039574
0 0.475750 0.358486 0.059354 0.081528
0 0.565117 0.378870 0.051932 0.069537
0 0.700008 0.433426 0.054630 0.085130
