0 0.341195 0.113282 0.016859 0.029972
0 0.459898 0.132468 0.024953 0.051565
0 0.498344 0.060523 0.016865 0.034769
0 0.531055 0.060523 0.017536 0.017991
0 0.804888 0.033546 0.012141 0.019185
0 0.778917 0.113282 0.014156 0.025176
0 0.787349 0.086306 0.016187 0.019185
0 0.805898 0.078509 0.015516 0.017981
0 0.863227 0.327912 0.023609 0.037176
0 0.949221 0.402250 0.031026 0.051556
0 0.827143 0.302731 0.022932 0.034778
0 0.040385 0.429231 0.022260 0.033574
0 0.075794 0.335708 0.016182 0.035972
0 0.080852 0.306329 0.015516 0.032380
0 0.090294 0.251171 0.007422 0.022787
0 0.115250 0.237981 0.011469 0.020389
0 0.607607 0.041940 0.014161 0.028769
0 0.680112 0.034745 0.014839 0.019176
0 0.368846 0.345898 0.049234 0.073148
