0 0.739128 0.882347 0.198964 0.225417
0 0.750591 0.356569 0.043839 0.068343
0 0.816352 0.195296 0.020234 0.028778
0 0.834563 0.192301 0.013490 0.027583
0 0.860529 0.230069 0.026307 0.062343
0 0.837596 0.171917 0.011464 0.029981
0 0.849737 0.150333 0.010120 0.017981
0 0.639643 0.362560 0.051255 0.058750
0 0.524310 0.523833 0.087682 0.076741
0 0.441352 0.574194 0.039120 0.067148
0 0.445398 0.493259 0.059349 0.065944
0 0.521948 0.451292 0.066771 0.065954
0 0.535102 0.399736 0.053953 0.053954
0 0.599177 0.362565 0.045865 0.053963
0 0.657854 0.297815 0.033719 0.037167
0 0.688880 0.306208 0.037771 0.049157
0 0.653471 0.273833 0.033047 0.027574
