0 0.384698 0.487981 0.029677 0.043167
0 0.402234 0.436421 0.024281 0.035972
0 0.403919 0.407046 0.019557 0.029981
0 0.416398 0.410046 0.017536 0.038370
0 0.653133 0.373477 0.029672 0.034769
0 0.790049 0.943019 0.118703 0.111519
0 0.558708 0.737981 0.040469 0.075537
0 0.479122 0.714005 0.047214 0.087528
0 0.458214 0.445417 0.021583 0.032370
0 0.458888 0.498778 0.031026 0.047963
0 0.423818 0.519759 0.026979 0.051556
0 0.409651 0.562921 0.043167 0.082731
0 0.370534 0.669037 0.047214 0.086333
0 0.413698 0.490981 0.029677 0.046759
