0 0.990461 0.487986 0.019078 0.088731
0 0.897625 0.596500 0.170635 0.176259
0 0.913810 0.793139 0.105891 0.149889
0 0.763516 0.755981 0.472969 0.488037
0 0.532065 0.381866 0.100495 0.111509
0 0.513857 0.450810 0.124776 0.117509
0 0.836922 0.433431 0.107240 0.121102
0 0.547242 0.327912 0.072839 0.065954
0 0.549266 0.296736 0.062052 0.053954
0 0.349961 0.211602 0.073516 0.085130
0 0.284542 0.281745 0.045188 0.050361
0 0.328380 0.310528 0.035750 0.062352
0 0.330065 0.391458 0.072839 0.097120
0 0.140206 0.232588 0.038443 0.079139
0 0.081190 0.221796 0.026974 0.043167
