0 0.705404 0.490384 0.029005 0.050361
0 0.526672 0.749972 0.077563 0.152278
0 0.570174 0.914843 0.094422 0.129500
0 0.627839 0.696616 0.058677 0.117509
0 0.708776 0.734384 0.061375 0.125898
0 0.728333 0.582708 0.039792 0.083935
0 0.746544 0.510167 0.030349 0.056352
0 0.672690 0.586306 0.049911 0.105519
0 0.585013 0.622278 0.049911 0.081537
0 0.494297 0.652255 0.061375 0.093528
0 0.411674 0.655250 0.076891 0.104315
0 0.306797 0.602491 0.070823 0.070741
0 0.130089 0.757167 0.104542 0.085130
0 0.058932 0.742181 0.086333 0.081528
0 0.034651 0.690620 0.068792 0.086333
0 0.145937 0.588704 0.071490 0.057556
0 0.228560 0.511968 0.061380 0.040769
0 0.306797 0.511366 0.060031 0.051565
0 0.335125 0.534745 0.047885 0.052750
0 0.425839 0.505972 0.051260 0.062352
0 0.450456 0.458606 0.043839 0.049157
0 0.347937 0.439421 0.045187 0.041972
0 0.302414 0.464602 0.022932 0.053963
0 0.395826 0.414241 0.030349 0.046759
0 0.425167 0.397454 0.021583 0.037167
0 0.454841 0.380069 0.022932 0.045565
0 0.502727 0.452611 0.039120 0.058759
0 0.543195 0.508366 0.035068 0.059954
0 0.573544 0.543741 0.036422 0.061148
0 0.645039 0.513162 0.035068 0.074343
0 0.691578 0.526352 0.040469 0.071944
0 0.244409 0.846495 0.116005 0.127102
0 0.714172 0.459208 0.023604 0.040769
0 0.681122 0.458005 0.026307 0.050361
0 0.626154 0.468801 0.039120 0.059954
0 0.591758 0.458606 0.036422 0.061157
0 0.641331 0.419037 0.026307 0.053963
0 0.674039 0.411241 0.022932 0.033574
0 0.699669 0.422037 0.022932 0.038370
0 0.717214 0.402250 0.016198 0.037167
0 0.745198 0.427431 0.020906 0.041972
0 0.765094 0.434625 0.010792 0.032380
0 0.778919 0.413644 0.019557 0.035972
0 0.777909 0.393255 0.020234 0.026380
0 0.752279 0.387264 0.020234 0.033565
0 0.873008 0.596495 0.025630 0.058750
0 0.866599 0.464000 0.015510 0.033574
0 0.879414 0.437023 0.014161 0.025176
0 0.911789 0.430426 0.011464 0.023981
0 0.924266 0.422032 0.009438 0.026380
0 0.935732 0.411843 0.012141 0.029981
0 0.908753 0.574310 0.020234 0.055157
0 0.936065 0.579111 0.018203 0.038370
0 0.959674 0.587500 0.019557 0.047963
0 0.952930 0.521556 0.030349 0.088722
0 0.571521 0.410644 0.026979 0.044361
0 0.726313 0.438824 0.020906 0.047963
0 0.698997 0.381269 0.028328 0.043167
0 0.917185 0.498773 0.038443 0.107917
0 0.777570 0.354292 0.058682 0.068343
