0 0.165836 0.212204 0.024953 0.033574
0 0.194161 0.214602 0.027656 0.035963
0 0.100073 0.199014 0.021583 0.028769
0 0.094677 0.184028 0.018885 0.029981
0 0.123682 0.187625 0.016187 0.022787
0 0.163135 0.172634 0.020906 0.031176
0 0.143578 0.158245 0.018208 0.026380
0 0.128065 0.158847 0.022255 0.041972
0 0.112552 0.158847 0.026302 0.049157
0 0.095016 0.182227 0.022260 0.026380
0 0.114237 0.173236 0.017536 0.025176
0 0.088945 0.144458 0.015516 0.041972
0 0.139531 0.107287 0.012812 0.020389
0 0.146276 0.098296 0.008771 0.023981
0 0.087596 0.095898 0.016859 0.019185
0 0.780607 0.654648 0.124099 0.153481
0 0.610302 0.472991 0.096448 0.137889
0 0.596141 0.394458 0.135562 0.182250
0 0.416734 0.315324 0.042490 0.076741
0 0.386721 0.249375 0.036422 0.045565
0 0.355695 0.275153 0.037766 0.044361
0 0.219456 0.258963 0.031026 0.057556
0 0.170219 0.306931 0.031021 0.055157
0 0.139867 0.386065 0.044516 0.064741
0 0.230247 0.326111 0.041818 0.067148
0 0.322310 0.381269 0.050589 0.067148
0 0.161451 0.554532 0.063401 0.116306
0 0.249797 0.549167 0.079573 0.112778
0 0.480135 0.872875 0.123427 0.211028
0 0.293307 0.217597 0.033052 0.046769
0 0.981932 0.652847 0.031698 0.121102
0 0.148299 0.254769 0.029005 0.041963
0 0.103445 0.257764 0.028328 0.055157
0 0.133461 0.218199 0.020911 0.026380
