0 0.570172 0.206810 0.016187 0.025176
0 0.428198 0.630069 0.104542 0.183454
0 0.229909 0.896838 0.151755 0.175028
0 0.555674 0.711606 0.068120 0.169065
0 0.567141 0.399255 0.042490 0.067139
0 0.626154 0.369278 0.048557 0.076741
0 0.448096 0.414861 0.043161 0.081574
0 0.463945 0.322519 0.027651 0.057556
0 0.517565 0.275755 0.033724 0.088731
0 0.558708 0.283546 0.028323 0.053963
0 0.557359 0.251769 0.018885 0.028778
0 0.557695 0.222394 0.015516 0.034769
0 0.582315 0.233185 0.020234 0.041963
0 0.485867 0.258968 0.020234 0.031176
0 0.500367 0.227792 0.015516 0.026380
0 0.507112 0.218199 0.015516 0.031176
0 0.510820 0.196019 0.014839 0.025185
0 0.532078 0.201417 0.015531 0.028759
0 0.532404 0.189426 0.016182 0.028778
0 0.546906 0.178032 0.012812 0.032380
0 0.519927 0.180431 0.012812 0.017991
0 0.893914 0.597097 0.049911 0.098324
