0 0.823771 0.495778 0.075542 0.104315
0 0.634247 0.898056 0.142984 0.158278
0 0.675055 0.694819 0.097797 0.130694
0 0.963818 0.694815 0.072365 0.185852
0 0.965070 0.561727 0.064078 0.073139
0 0.691578 0.435824 0.056656 0.051556
0 0.682810 0.368079 0.017536 0.038361
0 0.706414 0.354287 0.017536 0.046759
0 0.733055 0.348898 0.019557 0.033574
0 0.546232 0.380069 0.038443 0.055157
0 0.481143 0.449014 0.047214 0.070750
0 0.460237 0.492181 0.049911 0.068343
0 0.423818 0.582106 0.059354 0.075546
0 0.347263 0.598894 0.057328 0.082731
0 0.412687 0.695417 0.076219 0.093519
0 0.494297 0.691819 0.077562 0.110306
0 0.333437 0.744579 0.093073 0.127102
0 0.238677 0.794338 0.091052 0.130694
0 0.204617 0.616880 0.060703 0.121111
0 0.272062 0.585704 0.045865 0.094722
0 0.307810 0.516157 0.047214 0.061148
0 0.364464 0.491579 0.047208 0.069546
0 0.294992 0.467000 0.041818 0.049167
0 0.244745 0.471194 0.045187 0.062352
0 0.190789 0.495778 0.046536 0.061148
0 0.185057 0.419634 0.028323 0.045565
0 0.224174 0.420236 0.033724 0.051565
0 0.263969 0.409444 0.028323 0.063556
0 0.296344 0.395657 0.026979 0.045556
0 0.321635 0.354292 0.027656 0.034769
0 0.358729 0.388463 0.031698 0.055148
0 0.443039 0.345296 0.033047 0.043167
0 0.490924 0.362681 0.033047 0.044361
0 0.400883 0.327912 0.028328 0.039565
0 0.378289 0.318921 0.022255 0.035972
0 0.361766 0.306926 0.024281 0.038370
0 0.338161 0.299731 0.013490 0.028778
0 0.295331 0.329708 0.016859 0.035972
0 0.289935 0.300333 0.020911 0.029981
0 0.259922 0.300935 0.020229 0.033574
0 0.264979 0.279347 0.020906 0.035972
0 0.262958 0.253569 0.020906 0.029972
0 0.291620 0.271556 0.013490 0.025185
0 0.302750 0.278148 0.007417 0.019185
0 0.315901 0.282949 0.018885 0.031176
0 0.249805 0.334505 0.022932 0.026380
0 0.262284 0.350097 0.019557 0.031176
0 0.212372 0.371676 0.023609 0.055148
0 0.178987 0.394458 0.024276 0.031176
0 0.175276 0.374074 0.023604 0.028778
0 0.168870 0.349495 0.022927 0.027583
0 0.166172 0.324315 0.020229 0.034778
0 0.188091 0.321917 0.016859 0.022778
0 0.196521 0.345898 0.018885 0.032370
0 0.244747 0.386662 0.026307 0.044361
0 0.236992 0.320116 0.012141 0.021583
0 0.181685 0.243981 0.106568 0.142685
