0 0.226872 0.057528 0.017536 0.035963
0 0.201917 0.026949 0.026979 0.039565
0 0.165161 0.050333 0.023604 0.031167
0 0.126716 0.040741 0.015516 0.031167
0 0.118622 0.111486 0.037099 0.103120
0 0.157404 0.116880 0.035068 0.087537
0 0.198883 0.143861 0.035745 0.067148
0 0.293646 0.085106 0.026979 0.045565
0 0.326693 0.097097 0.029677 0.069546
0 0.323659 0.155250 0.035745 0.053963
0 0.509474 0.229593 0.072844 0.104315
0 0.937516 0.813523 0.124969 0.226620
0 0.863901 0.586907 0.112635 0.157074
0 0.572870 0.379468 0.037771 0.073139
0 0.300391 0.407046 0.068792 0.133093
0 0.222154 0.480190 0.082286 0.207435
