0 0.041732 0.717000 0.078911 0.160667
0 0.400211 0.499972 0.058005 0.105519
0 0.496995 0.273356 0.023604 0.055157
0 0.451133 0.249972 0.019557 0.034778
0 0.475747 0.225991 0.020234 0.032370
0 0.435620 0.241579 0.020906 0.032380
0 0.422805 0.227787 0.018214 0.033574
0 0.412687 0.267361 0.015510 0.028778
0 0.400885 0.241556 0.028333 0.051519
0 0.360078 0.312926 0.031698 0.047963
0 0.390094 0.338704 0.032375 0.056352
0 0.326693 0.288944 0.059354 0.086333
0 0.153021 0.522755 0.072167 0.093528
0 0.248456 0.400454 0.041818 0.052759
0 0.289935 0.391458 0.054630 0.073139
0 0.033305 0.539542 0.055307 0.110306
0 0.499018 0.386662 0.033047 0.063546
0 0.493284 0.196616 0.014839 0.023972
0 0.557698 0.146259 0.031698 0.023981
0 0.604227 0.164824 0.012797 0.017944
0 0.593107 0.160046 0.009443 0.015593
0 0.603221 0.187625 0.012141 0.025176
0 0.446714 0.210389 0.014906 0.022741
0 0.540161 0.179829 0.011469 0.016787
0 0.540836 0.166639 0.010120 0.019185
0 0.553648 0.184630 0.011464 0.019185
0 0.551289 0.196019 0.017536 0.020389
0 0.545555 0.216398 0.014161 0.022778
0 0.568826 0.197218 0.012141 0.017991
0 0.631214 0.214602 0.034396 0.057556
0 0.607943 0.271556 0.013490 0.046759
0 0.592430 0.253569 0.022932 0.037176
0 0.556010 0.290144 0.037771 0.074343
0 0.529031 0.260162 0.024281 0.045565
0 0.508122 0.245778 0.014839 0.023981
