0 0.771904 0.116880 0.014161 0.022778
0 0.685576 0.163042 0.027651 0.035972
0 0.774604 0.131269 0.007417 0.017981
0 0.473120 0.184028 0.027656 0.039574
0 0.301807 0.720597 0.131521 0.177454
0 0.209742 0.529347 0.141641 0.202639
0 0.072826 0.531750 0.074193 0.080333
0 0.540227 0.343495 0.049911 0.077935
0 0.491667 0.248176 0.075542 0.103111
0 0.733461 0.248773 0.029005 0.063546
0 0.827885 0.249972 0.041146 0.089926
0 0.807312 0.166042 0.018885 0.034769
0 0.810349 0.110884 0.016865 0.049157
0 0.789102 0.139065 0.012141 0.038370
0 0.792474 0.116880 0.010792 0.017981
0 0.753695 0.170241 0.018214 0.038370
