0 0.529992 0.257796 0.033724 0.076741
0 0.596760 0.264986 0.021583 0.050361
0 0.471987 0.148079 0.076891 0.106713
0 0.370479 0.099519 0.050583 0.086333
0 0.437927 0.300958 0.024958 0.067139
0 0.336083 0.260190 0.120729 0.155880
0 0.254810 0.184653 0.020234 0.050361
0 0.245031 0.149278 0.012812 0.037167
0 0.263917 0.158870 0.010115 0.032370
0 0.097661 0.035972 0.013490 0.019185
0 0.084510 0.052755 0.011469 0.031176
0 0.097664 0.067144 0.012141 0.035972
0 0.138130 0.079139 0.013490 0.052759
0 0.205914 0.058750 0.033047 0.052759
0 0.197820 0.100120 0.035745 0.037167
0 0.207260 0.145083 0.015510 0.035963
0 0.275721 0.157074 0.012141 0.043167
0 0.543143 0.372898 0.023609 0.057556
0 0.666570 0.733810 0.038443 0.083935
0 0.657128 0.673861 0.023609 0.045556
0 0.911734 0.488009 0.075542 0.098315
