0 0.557359 0.237866 0.020229 0.039565
0 0.582987 0.207889 0.031026 0.051556
0 0.697646 0.176111 0.016187 0.028778
0 0.716867 0.193500 0.020911 0.039574
0 0.748232 0.220477 0.041818 0.103120
0 0.701021 0.284625 0.035073 0.058750
0 0.664935 0.248056 0.033047 0.052759
0 0.101089 0.584384 0.093750 0.092324
0 0.444049 0.320597 0.047214 0.044361
0 0.594792 0.384144 0.042490 0.092324
0 0.658190 0.423718 0.068120 0.130694
0 0.476760 0.865560 0.146354 0.266194
0 0.733729 0.170116 0.015510 0.031176
0 0.725299 0.131750 0.012141 0.028778
0 0.708440 0.146736 0.014839 0.022787
0 0.644703 0.141940 0.012813 0.020380
0 0.740474 0.123954 0.018208 0.037167
0 0.719904 0.105370 0.012141 0.023981
0 0.661563 0.145537 0.011469 0.027574
0 0.716870 0.161727 0.011469 0.026380
0 0.647737 0.158727 0.016182 0.029972
0 0.617724 0.161125 0.018208 0.027583
0 0.525323 0.186306 0.018208 0.029981
0 0.502391 0.216880 0.027656 0.033574
