0 0.331753 0.321917 0.015516 0.025185
0 0.235979 0.237981 0.010115 0.022778
0 0.236654 0.259565 0.014161 0.020389
0 0.253180 0.270958 0.009443 0.011991
0 0.276445 0.286542 0.022255 0.031176
0 0.296005 0.269755 0.016865 0.026380
0 0.321299 0.290139 0.020234 0.038370
0 0.302750 0.297333 0.018208 0.028778
0 0.310169 0.323713 0.018214 0.023981
0 0.378289 0.368676 0.035745 0.037167
0 0.352661 0.352491 0.020906 0.038370
0 0.296005 0.643856 0.055979 0.088731
0 0.503737 0.706806 0.078911 0.123500
0 0.780268 0.835704 0.109932 0.167870
0 0.824107 0.766162 0.111286 0.158269
0 0.968206 0.909444 0.059547 0.137889
0 0.968203 0.711606 0.063594 0.135491
0 0.696297 0.653449 0.090375 0.107917
0 0.693938 0.529949 0.076219 0.105509
0 0.577260 0.615681 0.080271 0.097120
0 0.604909 0.564120 0.061380 0.075537
0 0.615362 0.484986 0.052609 0.065954
0 0.675052 0.437625 0.049240 0.055157
0 0.625818 0.405847 0.024958 0.044361
0 0.567477 0.390861 0.044516 0.040759
0 0.519253 0.424431 0.045193 0.064750
0 0.541846 0.516162 0.052609 0.077935
0 0.493286 0.473593 0.045865 0.067148
0 0.463945 0.495778 0.054630 0.077944
0 0.302411 0.498778 0.037771 0.071944
0 0.256549 0.410042 0.031026 0.050361
0 0.289935 0.396852 0.030349 0.038370
0 0.226198 0.350694 0.024281 0.034778
0 0.198883 0.351296 0.023609 0.033574
0 0.191125 0.329111 0.021583 0.039574
0 0.212372 0.321917 0.020911 0.037167
0 0.203940 0.303931 0.014839 0.027583
0 0.206302 0.282944 0.014167 0.019185
0 0.165833 0.326111 0.015510 0.038370
0 0.167859 0.299134 0.015510 0.027583
0 0.158081 0.285944 0.017536 0.027574
0 0.173253 0.275153 0.011464 0.025176
0 0.176628 0.268560 0.011464 0.026380
0 0.189440 0.262560 0.011464 0.026380
0 0.152685 0.260167 0.014839 0.023981
0 0.161789 0.255366 0.012818 0.016787
0 0.154370 0.237981 0.012813 0.025185
0 0.161115 0.231986 0.010115 0.017991
0 0.170219 0.232583 0.008094 0.019185
0 0.175615 0.240380 0.008094 0.015593
0 0.179659 0.249370 0.009443 0.014389
0 0.144591 0.220597 0.012141 0.021583
0 0.148299 0.202611 0.012818 0.019185
0 0.139870 0.230787 0.010792 0.022778
0 0.134135 0.203190 0.010115 0.018028
0 0.414036 0.452009 0.041146 0.062352
0 0.442365 0.428032 0.042490 0.055157
0 0.444724 0.374074 0.039115 0.050352
0 0.474062 0.355491 0.029000 0.032370
0 0.420443 0.359083 0.029677 0.046759
0 0.437307 0.333310 0.013490 0.035972
0 0.393802 0.321917 0.031698 0.034778
0 0.359742 0.312921 0.018880 0.040769
0 0.376266 0.408843 0.026302 0.047963
0 0.399536 0.405847 0.016187 0.046769
0 0.418419 0.407046 0.028328 0.049167
0 0.341870 0.383065 0.027656 0.046759
0 0.323659 0.356088 0.026307 0.035972
0 0.299042 0.338106 0.018885 0.031176
0 0.289260 0.324315 0.018208 0.039574
0 0.275435 0.315921 0.014839 0.032380
0 0.264982 0.302130 0.014161 0.023981
0 0.254526 0.296736 0.010792 0.025176
0 0.247445 0.285944 0.014161 0.022778
0 0.250818 0.242181 0.016865 0.026380
0 0.265992 0.257167 0.010786 0.015593
0 0.342880 0.298532 0.021583 0.031176
0 0.331078 0.339306 0.023604 0.028778
