0 0.193219 0.216880 0.026979 0.037167
0 0.245826 0.229472 0.025630 0.033574
0 0.190857 0.243259 0.030349 0.044370
0 0.187484 0.288222 0.033052 0.050352
0 0.133529 0.198296 0.022255 0.038370
0 0.234023 0.192898 0.022255 0.034778
0 0.253245 0.185102 0.021583 0.028778
0 0.294049 0.260046 0.026307 0.044370
0 0.265385 0.276236 0.033719 0.040769
0 0.055630 0.293019 0.024281 0.033574
0 0.070802 0.318796 0.031698 0.046759
0 0.100143 0.364958 0.036422 0.064750
0 0.155786 0.534625 0.064073 0.118713
0 0.191534 0.735463 0.095099 0.172667
0 0.386451 0.383546 0.057328 0.085130
0 0.441419 0.359565 0.068797 0.073148
0 0.533146 0.236662 0.020229 0.040769
0 0.589802 0.261245 0.048563 0.058750
0 0.570242 0.316403 0.066099 0.073139
0 0.650503 0.296014 0.059349 0.063546
0 0.650167 0.406931 0.077563 0.093528
0 0.656237 0.338583 0.062724 0.062352
0 0.879818 0.430907 0.076885 0.091130
0 0.848794 0.493259 0.097120 0.131889
0 0.544612 0.709685 0.134891 0.190648
0 0.354414 0.207884 0.025630 0.026380
0 0.379031 0.220477 0.026302 0.032380
0 0.422872 0.225273 0.031703 0.039565
0 0.448503 0.257648 0.038443 0.044370
0 0.422872 0.276236 0.042495 0.045565
0 0.456258 0.219880 0.036422 0.043167
0 0.038430 0.273236 0.027651 0.044361
0 0.345310 0.192898 0.024953 0.025185
0 0.263701 0.202491 0.024953 0.032370
0 0.304167 0.195894 0.020906 0.026380
0 0.308549 0.213282 0.028328 0.037176
0 0.163880 0.209083 0.020906 0.043167
