0 0.487552 0.309324 0.012813 0.023981
0 0.462260 0.328509 0.010792 0.033574
0 0.434609 0.293741 0.016188 0.028778
0 0.427526 0.312921 0.019562 0.055157
0 0.413023 0.368676 0.025630 0.037167
0 0.394812 0.427431 0.043167 0.085139
0 0.318937 0.513764 0.053281 0.082731
0 0.332766 0.616880 0.053958 0.109111
0 0.508797 0.606685 0.018885 0.081537
0 0.712484 0.362083 0.043167 0.064741
0 0.453154 0.245778 0.006068 0.014389
0 0.458885 0.250569 0.008094 0.021583
0 0.444388 0.253569 0.019557 0.041972
0 0.445737 0.271556 0.016859 0.025185
0 0.463945 0.273954 0.015516 0.022778
0 0.484516 0.298532 0.008094 0.021583
0 0.506437 0.745181 0.030354 0.092324
0 0.647063 0.796139 0.079583 0.153481
