0 0.099062 0.146856 0.015510 0.027583
0 0.099737 0.204412 0.022255 0.029972
0 0.118286 0.196019 0.018885 0.027574
0 0.144589 0.201412 0.018885 0.028769
0 0.111542 0.175634 0.021583 0.041972
0 0.086250 0.154653 0.018208 0.050361
0 0.079505 0.124671 0.018208 0.035972
0 0.200232 0.202611 0.019557 0.038370
0 0.111539 0.139065 0.014839 0.028778
0 0.165161 0.407648 0.077562 0.115111
0 0.520263 0.471796 0.091724 0.135500
0 0.584674 0.937037 0.153099 0.125926
0 0.266667 0.222995 0.044510 0.071935
0 0.161786 0.297935 0.042490 0.070741
