0 0.420406 0.320750 0.027875 0.034750
0 0.434797 0.351938 0.040469 0.032375
0 0.507641 0.344125 0.029656 0.036000
0 0.559344 0.398688 0.055750 0.073125
0 0.667266 0.419667 0.046781 0.057583
0 0.608359 0.475417 0.065656 0.080333
0 0.785531 0.400479 0.092625 0.067125
0 0.875891 0.435854 0.059344 0.077958
0 0.722578 0.461625 0.063844 0.071917
0 0.676703 0.910063 0.186156 0.179875
0 0.682547 0.757188 0.118719 0.118708
0 0.652422 0.338729 0.026094 0.034792
0 0.693344 0.342917 0.034187 0.040750
0 0.508094 0.559354 0.073750 0.089958
0 0.404219 0.507792 0.053063 0.073167
0 0.231562 0.547375 0.060250 0.089917
