0 0.513182 0.223593 0.011469 0.020389
0 0.361430 0.528750 0.035745 0.086333
0 0.197872 0.920833 0.083630 0.143889
0 0.405263 0.691218 0.173328 0.411269
0 0.537461 0.449616 0.049234 0.069546
0 0.591419 0.459806 0.022255 0.075537
0 0.616714 0.359685 0.040469 0.059944
0 0.480133 0.419634 0.018214 0.059954
0 0.504414 0.383667 0.037099 0.059944
0 0.417745 0.407648 0.076885 0.124704
0 0.475411 0.271556 0.038448 0.111519
0 0.462260 0.217000 0.025625 0.069537
0 0.522286 0.299736 0.043167 0.103120
0 0.498682 0.262560 0.021583 0.026380
0 0.503404 0.235583 0.020234 0.027574
0 0.528021 0.229588 0.015510 0.022787
0 0.553987 0.222394 0.016182 0.025176
0 0.564440 0.206208 0.012818 0.026380
0 0.552302 0.202014 0.015510 0.025176
0 0.566464 0.187625 0.010115 0.017991
0 0.522625 0.206208 0.018208 0.016787
0 0.534766 0.171440 0.010115 0.016787
0 0.526672 0.176833 0.007417 0.013185
0 0.516219 0.199616 0.010792 0.025176
0 0.548255 0.173236 0.010115 0.025176
0 0.557357 0.168440 0.009443 0.015583
