0 0.125435 0.284745 0.018880 0.041972
0 0.147354 0.396856 0.053281 0.122306
0 0.187148 0.384866 0.034401 0.052750
0 0.223904 0.289542 0.017536 0.022787
0 0.242115 0.301532 0.010792 0.022787
0 0.242453 0.321917 0.022260 0.029981
0 0.273479 0.308125 0.024958 0.045565
0 0.300458 0.350093 0.012812 0.033574
0 0.327435 0.339903 0.029005 0.046769
0 0.694680 0.601894 0.091724 0.163065
0 0.579346 0.612685 0.035068 0.086333
0 0.384763 0.360884 0.057328 0.071935
0 0.263701 0.424431 0.047214 0.055157
0 0.240766 0.450213 0.021583 0.046759
0 0.213115 0.474194 0.053958 0.070741
0 0.169273 0.339324 0.028328 0.052722
0 0.187148 0.329713 0.019557 0.033574
0 0.154099 0.319519 0.014167 0.025185
0 0.148029 0.301532 0.012818 0.015583
0 0.162867 0.294338 0.010120 0.020380
0 0.134203 0.336306 0.018885 0.039574
0 0.144995 0.289542 0.016187 0.025176
0 0.153763 0.279352 0.012141 0.023981
0 0.195242 0.279949 0.011464 0.022787
0 0.180404 0.281148 0.012818 0.020389
0 0.107227 0.270356 0.009443 0.020380
0 0.896344 0.915440 0.064750 0.080343
0 0.123073 0.302731 0.011469 0.027574
