0 0.431302 0.854889 0.024958 0.043167
0 0.790115 0.448417 0.039792 0.047963
0 0.880831 0.368065 0.032370 0.050389
0 0.843398 0.368681 0.012818 0.025176
0 0.900727 0.314722 0.019557 0.032370
0 0.930068 0.294338 0.032375 0.058750
0 0.952997 0.256565 0.009443 0.023981
0 0.963115 0.246977 0.006740 0.021583
0 0.970534 0.244579 0.009443 0.021583
0 0.972893 0.251773 0.012818 0.026380
0 0.991779 0.227190 0.010120 0.029972
0 0.993128 0.298532 0.008766 0.021583
0 0.978964 0.303329 0.012813 0.026380
0 0.975255 0.332708 0.005396 0.020380
0 0.945917 0.326116 0.018208 0.031176
0 0.914891 0.365681 0.023604 0.035972
0 0.874086 0.401051 0.021578 0.034769
0 0.867677 0.443019 0.020906 0.025185
0 0.773591 0.492782 0.020234 0.031176
0 0.759091 0.512565 0.019557 0.025185
0 0.764823 0.540741 0.021583 0.031167
0 0.730427 0.536546 0.016187 0.027574
0 0.743914 0.564120 0.017536 0.029981
0 0.710529 0.558125 0.020911 0.029972
0 0.724693 0.576713 0.018208 0.028778
0 0.687260 0.580907 0.016187 0.029981
0 0.708167 0.595296 0.018885 0.037167
0 0.692656 0.540139 0.048563 0.061148
0 0.668039 0.598894 0.022255 0.025176
0 0.684901 0.618079 0.018208 0.027583
0 0.671747 0.640861 0.022932 0.034778
0 0.648143 0.626472 0.022932 0.029981
0 0.627232 0.634264 0.020234 0.026380
0 0.648818 0.656449 0.021583 0.034769
0 0.635664 0.672634 0.027651 0.035972
0 0.617117 0.663644 0.025630 0.037176
0 0.610370 0.700213 0.026979 0.031167
0 0.591148 0.715204 0.024953 0.032370
0 0.584406 0.691819 0.031698 0.031176
0 0.540227 0.651657 0.071495 0.073130
0 0.539891 0.604292 0.010115 0.026380
0 0.571591 0.591699 0.016859 0.025176
0 0.584742 0.570116 0.012141 0.022787
0 0.510888 0.645060 0.014161 0.021583
0 0.372964 0.777551 0.105219 0.082731
0 0.482898 0.812926 0.026974 0.033574
0 0.508190 0.789542 0.024953 0.034769
0 0.530109 0.774556 0.026979 0.033574
0 0.548659 0.749972 0.029005 0.034778
0 0.572266 0.734384 0.020906 0.034769
0 0.557766 0.709801 0.024281 0.035954
0 0.533820 0.735583 0.029005 0.037167
0 0.488294 0.772157 0.024276 0.033574
0 0.460979 0.772755 0.026302 0.032380
0 0.466714 0.793139 0.024281 0.029981
0 0.445130 0.809329 0.026979 0.031176
0 0.183776 0.985000 0.039792 0.030000
0 0.218846 0.981389 0.038443 0.029981
0 0.250208 0.974194 0.037771 0.037167
0 0.217497 0.964005 0.027651 0.031176
0 0.203672 0.913065 0.099823 0.087574
0 0.064732 0.966398 0.055307 0.062352
0 0.797534 0.392060 0.014161 0.035972
0 0.781346 0.408847 0.010120 0.026380
0 0.745602 0.430431 0.006068 0.026380
0 0.250208 0.941819 0.035073 0.037176
0 0.456932 0.830907 0.027656 0.047963
0 0.287979 0.968796 0.043167 0.038370
0 0.287643 0.938222 0.038443 0.049167
0 0.279885 0.915440 0.040469 0.039565
0 0.315969 0.910644 0.026302 0.034769
0 0.329458 0.943019 0.030354 0.046759
0 0.342609 0.892060 0.032375 0.040769
0 0.357451 0.908245 0.036422 0.053954
0 0.369253 0.865079 0.033047 0.039565
0 0.401625 0.845898 0.029000 0.039574
0 0.423208 0.829708 0.030354 0.031176
