0 0.397513 0.494579 0.075536 0.101917
0 0.503740 0.166042 0.022260 0.034769
0 0.561406 0.143259 0.021583 0.029981
0 0.630534 0.087505 0.010130 0.021583
0 0.620086 0.103093 0.009443 0.019185
0 0.608956 0.122875 0.014161 0.017991
0 0.627167 0.116880 0.012813 0.022778
0 0.647062 0.106704 0.014833 0.021556
0 0.644701 0.116880 0.011464 0.027574
0 0.662237 0.098296 0.019557 0.047963
0 0.634583 0.158847 0.015510 0.022787
0 0.638630 0.144458 0.012813 0.025176
0 0.582313 0.177431 0.021583 0.035972
0 0.625141 0.199616 0.037094 0.087528
0 0.520268 0.267361 0.032380 0.062352
0 0.512508 0.200815 0.029005 0.037167
0 0.436292 0.244574 0.039792 0.057556
0 0.447760 0.282944 0.034396 0.043167
0 0.388745 0.334505 0.045865 0.055157
0 0.298367 0.350093 0.067443 0.088722
0 0.191466 0.437023 0.060026 0.073139
0 0.183708 0.518556 0.078240 0.085130
0 0.258573 0.502968 0.072844 0.097120
0 0.207990 0.839301 0.106562 0.191843
0 0.375255 0.727199 0.117354 0.207454
