0 0.486203 0.366880 0.029000 0.038370
0 0.537799 0.868681 0.120057 0.197843
0 0.591083 0.697815 0.116010 0.148685
0 0.595130 0.576713 0.070146 0.098315
0 0.442701 0.476593 0.040464 0.073148
0 0.446076 0.432829 0.012141 0.035972
0 0.386047 0.467000 0.035073 0.056352
0 0.337823 0.485583 0.037094 0.071944
0 0.288250 0.474194 0.035073 0.053963
0 0.256214 0.592296 0.058677 0.086333
0 0.344904 0.410042 0.014839 0.026380
0 0.338836 0.399852 0.012141 0.022778
0 0.354685 0.377074 0.014161 0.032370
0 0.371544 0.386667 0.016859 0.037167
0 0.370534 0.365681 0.012141 0.021583
0 0.388406 0.380069 0.014167 0.026380
0 0.415385 0.390856 0.018208 0.021583
0 0.429214 0.398653 0.021583 0.027583
0 0.589396 0.457407 0.037094 0.044370
0 0.721927 0.511361 0.060698 0.065944
0 0.845693 0.551532 0.069469 0.079139
0 0.576581 0.414241 0.041141 0.061148
0 0.550615 0.397454 0.037771 0.046759
0 0.474398 0.386065 0.020234 0.023981
0 0.401560 0.365681 0.012141 0.011991
0 0.385708 0.359088 0.015510 0.015583
0 0.389755 0.348296 0.006073 0.013185
