0 0.141219 0.277551 0.010792 0.017991
0 0.583326 0.921449 0.145005 0.157102
0 0.619409 0.607287 0.091724 0.128296
0 0.255539 0.562324 0.068120 0.115111
0 0.251490 0.434023 0.042490 0.064750
0 0.329729 0.404648 0.037094 0.046759
0 0.338161 0.364481 0.032375 0.047963
0 0.288250 0.342898 0.026979 0.033574
0 0.255536 0.344097 0.026302 0.040769
0 0.254529 0.325514 0.020234 0.034769
0 0.253180 0.299134 0.022932 0.041972
0 0.290945 0.311125 0.033724 0.049157
0 0.228560 0.307528 0.015516 0.025185
0 0.216081 0.298532 0.009443 0.016787
0 0.222826 0.279949 0.020234 0.032380
0 0.204279 0.293139 0.011464 0.022778
0 0.195172 0.279949 0.016187 0.037176
0 0.190117 0.410648 0.043839 0.104315
0 0.143917 0.402255 0.037771 0.097120
0 0.171906 0.356690 0.018208 0.032380
0 0.332089 0.564125 0.058000 0.097120
0 0.174604 0.311722 0.015510 0.038370
0 0.157406 0.329708 0.018885 0.035972
0 0.131438 0.336907 0.024958 0.062352
0 0.121320 0.308130 0.008766 0.019185
0 0.144589 0.314125 0.013490 0.016787
0 0.140206 0.294940 0.012818 0.021583
0 0.148299 0.286546 0.007422 0.009593
0 0.156732 0.299134 0.009443 0.020380
0 0.119297 0.291940 0.012812 0.017991
0 0.183370 0.280551 0.015510 0.026380
