0 0.602885 0.375875 0.029000 0.025176
0 0.459901 0.452009 0.039792 0.052759
0 0.245083 0.520356 0.079583 0.086324
0 0.632898 0.535944 0.043161 0.083926
0 0.704393 0.507167 0.031026 0.062352
0 0.632560 0.456810 0.019557 0.050361
0 0.548253 0.415440 0.030349 0.037176
0 0.742500 0.390861 0.018208 0.038370
0 0.852096 0.521556 0.020234 0.045556
0 0.910104 0.575514 0.021583 0.045565
0 0.953607 0.705009 0.062724 0.067148
0 0.956638 0.586903 0.022932 0.044361
0 0.931010 0.574315 0.020229 0.047963
0 0.906729 0.523352 0.026979 0.056352
0 0.949219 0.523356 0.018885 0.044361
0 0.872669 0.481389 0.016859 0.049167
0 0.885823 0.440620 0.018885 0.022778
0 0.902685 0.415440 0.020234 0.022787
