0 0.153359 0.056329 0.013490 0.016787
0 0.158078 0.038343 0.013490 0.026370
0 0.113901 0.053329 0.020906 0.034769
0 0.134135 0.040144 0.016865 0.034769
0 0.173591 0.065319 0.012141 0.029972
0 0.162802 0.070116 0.016187 0.046769
0 0.148974 0.099495 0.023604 0.045565
0 0.182359 0.110282 0.026979 0.055157
0 0.204279 0.095898 0.018214 0.043167
0 0.251490 0.043139 0.031698 0.045556
0 0.326018 0.125870 0.014839 0.052759
0 0.244073 0.152852 0.041146 0.077944
0 0.163135 0.173833 0.026302 0.057556
0 0.127055 0.439421 0.076891 0.197843
0 0.230245 0.476588 0.082281 0.149880
0 0.342880 0.357287 0.037771 0.098315
0 0.479797 0.261963 0.021583 0.061148
0 0.479461 0.318319 0.060026 0.101917
0 0.770151 0.654046 0.134219 0.190648
0 0.395151 0.594097 0.170635 0.332139
