0 0.311586 0.510764 0.059349 0.143880
0 0.348005 0.022759 0.010792 0.014389
0 0.335867 0.021560 0.012141 0.021583
0 0.318328 0.031745 0.016188 0.044361
0 0.308888 0.112083 0.020234 0.027574
0 0.310911 0.090500 0.017531 0.029981
0 0.321026 0.070116 0.021583 0.025176
0 0.342612 0.064722 0.017536 0.023981
0 0.363857 0.071315 0.011464 0.017981
0 0.350031 0.094097 0.013490 0.027583
0 0.368917 0.092296 0.018885 0.028778
0 0.443104 0.050333 0.021583 0.033574
0 0.471104 0.056912 0.022271 0.046731
0 0.451872 0.126472 0.022932 0.032370
0 0.545284 0.886088 0.078911 0.143843
0 0.575299 0.446616 0.051255 0.116306
0 0.520667 0.284745 0.021583 0.056361
0 0.506505 0.191819 0.029677 0.059954
0 0.459630 0.172634 0.030354 0.040769
0 0.329122 0.165444 0.020234 0.052759
0 0.297758 0.140861 0.027651 0.056352
0 0.276177 0.196014 0.029000 0.044361
0 0.276852 0.348296 0.035745 0.070741
0 0.203333 0.358486 0.050583 0.107917
0 0.019214 0.883069 0.038427 0.130694
0 0.176693 0.722995 0.087677 0.175065
