0 0.722940 0.593500 0.111286 0.141481
0 0.852773 0.585106 0.093078 0.110306
0 0.692589 0.490981 0.080260 0.104315
0 0.388745 0.265560 0.035073 0.034769
0 0.202591 0.407051 0.052609 0.077935
0 0.147625 0.276352 0.027656 0.041963
0 0.180000 0.234981 0.023604 0.033574
0 0.175279 0.198417 0.014161 0.025185
0 0.275771 0.182227 0.037094 0.055157
0 0.279143 0.220000 0.024953 0.037167
0 0.129076 0.211602 0.014839 0.027574
0 0.142229 0.196014 0.012813 0.034769
0 0.138521 0.107889 0.008094 0.014389
0 0.145266 0.182829 0.013490 0.025176
0 0.096365 0.191819 0.022260 0.035972
0 0.118622 0.190023 0.015516 0.017991
0 0.113901 0.175634 0.011469 0.017991
0 0.127727 0.169037 0.012141 0.019185
0 0.137172 0.161245 0.013490 0.017991
0 0.127055 0.155847 0.009443 0.016787
0 0.117948 0.159444 0.010115 0.014389
0 0.101760 0.149255 0.018208 0.034769
0 0.091643 0.159449 0.014161 0.026380
0 0.086247 0.131866 0.014161 0.026380
0 0.097714 0.116278 0.007417 0.014389
0 0.105133 0.121079 0.007422 0.011991
0 0.118286 0.138463 0.008094 0.015593
0 0.141219 0.116880 0.010792 0.013185
0 0.124693 0.143259 0.007417 0.015593
