0 0.392789 0.166042 0.020234 0.039565
0 0.378289 0.181630 0.008766 0.029981
0 0.355357 0.153454 0.016859 0.028778
0 0.263633 0.161847 0.033047 0.045565
0 0.258911 0.217000 0.012813 0.040759
0 0.260596 0.281745 0.029672 0.059954
0 0.324672 0.067116 0.013490 0.021583
0 0.311854 0.065921 0.008094 0.011991
0 0.361430 0.116278 0.016859 0.028778
0 0.586023 0.236185 0.054630 0.074333
0 0.584000 0.273352 0.045187 0.047963
0 0.331414 0.090500 0.009443 0.020389
0 0.342544 0.121676 0.018214 0.029981
0 0.380648 0.146255 0.014839 0.031176
