0 0.781922 0.420854 0.051281 0.057542
0 0.758547 0.389688 0.042281 0.045542
0 0.734266 0.479021 0.062031 0.068375
0 0.826875 0.448437 0.076437 0.067125
0 0.784625 0.536583 0.069250 0.092333
0 0.863312 0.491625 0.080937 0.074333
0 0.920406 0.359708 0.045875 0.036000
0 0.940641 0.400479 0.061156 0.067125
0 0.977969 0.622292 0.044063 0.095917
0 0.681656 0.397479 0.034187 0.046792
0 0.720328 0.360896 0.034156 0.038375
0 0.694703 0.335729 0.031469 0.038375
0 0.677609 0.326146 0.040469 0.033542
0 0.664563 0.309354 0.030563 0.026375
0 0.659172 0.365708 0.046781 0.040750
0 0.620953 0.298563 0.020656 0.033542
0 0.600719 0.329146 0.043187 0.044375
0 0.616000 0.434042 0.048562 0.076750
0 0.643437 0.333333 0.035062 0.033583
0 0.709984 0.417271 0.049469 0.095958
0 0.653766 0.479625 0.061156 0.074333
0 0.663672 0.543167 0.079156 0.095917
0 0.751344 0.741021 0.108812 0.146292
0 0.830937 0.943042 0.169062 0.109083
0 0.981125 0.873500 0.030563 0.104333
0 0.929406 0.713437 0.126812 0.146292
