0 0.546568 0.194819 0.031021 0.073139
0 0.568487 0.205611 0.024953 0.041963
0 0.569161 0.251769 0.020906 0.038370
0 0.601872 0.297935 0.024276 0.044370
0 0.634247 0.246977 0.049911 0.074343
0 0.606594 0.245181 0.056656 0.082731
0 0.787352 0.447218 0.044516 0.055157
0 0.506102 0.306931 0.047214 0.083935
0 0.640992 0.335106 0.036422 0.063546
0 0.695286 0.374074 0.065427 0.103111
0 0.427862 0.215801 0.017536 0.038361
0 0.427862 0.363282 0.017536 0.045565
0 0.825086 0.422037 0.153849 0.189444
0 0.853448 0.564120 0.058000 0.099519
0 0.954714 0.570116 0.090573 0.221824
0 0.944500 0.689421 0.059354 0.122306
