0 0.178987 0.324194 0.012141 0.041963
0 0.193148 0.321796 0.009443 0.022778
0 0.182695 0.276833 0.014161 0.038370
0 0.201245 0.282227 0.013490 0.041972
0 0.148974 0.230667 0.020906 0.041963
0 0.136497 0.275032 0.020234 0.046769
0 0.135146 0.245657 0.018885 0.038370
0 0.189779 0.156329 0.012141 0.027583
0 0.172917 0.183907 0.020229 0.032370
0 0.201919 0.221074 0.020234 0.032370
0 0.264643 0.207889 0.020234 0.046759
0 0.264643 0.287023 0.055307 0.077935
0 0.314555 0.267241 0.049911 0.095926
0 0.547917 0.673713 0.110615 0.129500
0 0.249469 0.099972 0.029000 0.099519
0 0.277458 0.107167 0.013490 0.046759
0 0.187078 0.088583 0.026979 0.107907
0 0.191802 0.342778 0.013490 0.028778
0 0.217094 0.390741 0.018208 0.038370
0 0.187078 0.637745 0.016188 0.064750
0 0.193823 0.781028 0.013490 0.051556
0 0.190789 0.915921 0.011464 0.040769
0 0.213721 0.825995 0.022255 0.055157
0 0.336135 0.592181 0.052604 0.098324
0 0.657518 0.824792 0.073516 0.112713
0 0.695286 0.907528 0.031698 0.062352
0 0.650435 0.885944 0.024276 0.045556
0 0.634583 0.861963 0.026302 0.057556
0 0.572534 0.736005 0.033047 0.043287
0 0.585000 0.816417 0.074167 0.165426
0 0.705065 0.932106 0.039120 0.053954
0 0.664935 0.927907 0.029005 0.057556
0 0.669656 0.958486 0.030354 0.044361
0 0.688203 0.976472 0.029677 0.044370
0 0.650099 0.980671 0.023604 0.031176
0 0.628852 0.940500 0.035068 0.073148
