0 0.823380 0.314148 0.026979 0.040759
0 0.801461 0.463431 0.041141 0.068343
0 0.716815 0.182255 0.012141 0.021583
0 0.694221 0.194245 0.010120 0.016787
0 0.680057 0.199042 0.010115 0.021583
0 0.718841 0.205634 0.014839 0.022787
0 0.882396 0.224222 0.022260 0.043167
0 0.911398 0.258995 0.022255 0.045565
0 0.944112 0.296764 0.014839 0.025176
0 0.964682 0.317144 0.018208 0.044361
0 0.816638 0.200241 0.017536 0.033574
0 0.794716 0.187046 0.012818 0.028778
0 0.778867 0.176259 0.020234 0.033574
0 0.767065 0.194843 0.011464 0.020389
0 0.772458 0.212227 0.012813 0.021583
0 0.655779 0.217625 0.026307 0.041972
0 0.690513 0.212227 0.012141 0.026380
0 0.680396 0.224819 0.017531 0.032380
0 0.708385 0.222421 0.011469 0.022787
0 0.696919 0.247000 0.022255 0.028778
0 0.626440 0.235014 0.025630 0.031176
0 0.669943 0.262593 0.010115 0.023981
0 0.650044 0.260792 0.022932 0.025176
0 0.535049 0.176259 0.011464 0.028778
0 0.520549 0.176856 0.020234 0.034769
0 0.500651 0.184051 0.012812 0.025176
0 0.488174 0.191847 0.016182 0.021583
0 0.473336 0.196042 0.020234 0.025176
0 0.010320 0.605519 0.014161 0.062352
0 0.012341 0.410069 0.019557 0.050361
0 0.172190 0.340528 0.026307 0.050352
0 0.398807 0.229014 0.031698 0.031176
0 0.655104 0.303356 0.035750 0.045565
0 0.598451 0.266185 0.041141 0.062352
0 0.558656 0.279977 0.026302 0.044361
0 0.565063 0.332731 0.035073 0.041963
0 0.596427 0.349523 0.039792 0.049157
0 0.850359 0.241606 0.035073 0.053954
0 0.828779 0.265588 0.022932 0.041972
0 0.799776 0.229014 0.029677 0.050361
0 0.772122 0.250000 0.029672 0.063556
0 0.725247 0.291366 0.023609 0.035972
0 0.762680 0.293167 0.016182 0.032370
0 0.701641 0.418468 0.047885 0.064750
0 0.750214 0.321343 0.020927 0.057556
0 0.784935 0.333333 0.022932 0.059944
0 0.783589 0.571343 0.056656 0.106722
0 0.816299 0.354319 0.033047 0.049157
0 0.862500 0.381894 0.035073 0.063546
0 0.815625 0.399880 0.035750 0.056352
0 0.326979 0.547963 0.101167 0.103111
0 0.184328 0.537773 0.093750 0.077935
0 0.197482 0.473019 0.103870 0.089926
0 0.459174 0.923264 0.159172 0.136694
0 0.281453 0.962231 0.112635 0.061148
0 0.323607 0.419667 0.067443 0.062352
0 0.403193 0.383694 0.091729 0.117500
0 0.468615 0.318944 0.056656 0.086333
0 0.514815 0.302759 0.033047 0.044370
0 0.503687 0.579139 0.090375 0.115111
0 0.506721 0.702639 0.111286 0.129500
0 0.714456 0.730218 0.076214 0.177454
0 0.794716 0.743403 0.041141 0.141491
0 0.848672 0.836329 0.069469 0.202639
