0 0.337234 0.463438 0.014406 0.025208
0 0.325984 0.725437 0.031469 0.081542
0 0.295859 0.672063 0.030594 0.051542
0 0.363312 0.621104 0.044938 0.045542
0 0.330937 0.587542 0.021562 0.043167
0 0.357922 0.570750 0.034156 0.043167
0 0.325547 0.555771 0.028781 0.041958
0 0.351172 0.537167 0.024281 0.031167
0 0.348469 0.511979 0.020687 0.028792
0 0.332281 0.498208 0.018875 0.025167
0 0.348922 0.484417 0.012594 0.019167
0 0.776531 0.747000 0.054875 0.107917
0 0.776516 0.681646 0.056656 0.053958
0 0.859703 0.762583 0.068344 0.107917
0 0.830937 0.649875 0.043187 0.052750
0 0.774281 0.622313 0.034187 0.038375
0 0.360609 0.429250 0.019781 0.024000
0 0.357469 0.451458 0.018875 0.027583
