0 0.198471 0.476356 0.075995 0.124380
0 0.473500 0.147181 0.117010 0.079343
0 0.354682 0.161116 0.106156 0.060046
0 0.231039 0.235102 0.022922 0.036463
0 0.315479 0.198648 0.037396 0.045037
0 0.396904 0.213657 0.033776 0.040741
0 0.357094 0.221162 0.028948 0.060046
0 0.309445 0.235102 0.032568 0.053611
0 0.475307 0.252259 0.043427 0.045037
0 0.466263 0.209370 0.027745 0.040741
0 0.546479 0.164338 0.019302 0.049324
0 0.503656 0.194356 0.025333 0.049324
0 0.597747 0.214731 0.044630 0.055759
0 0.518737 0.228671 0.033776 0.057898
0 0.469880 0.314449 0.047042 0.066472
0 0.521148 0.287639 0.041016 0.085778
0 0.624284 0.246894 0.032568 0.060046
0 0.661076 0.387361 0.048255 0.096500
0 0.521753 0.403444 0.063932 0.090074
0 0.439120 0.429181 0.041010 0.102935
0 0.278687 0.310162 0.038604 0.070769
0 0.225008 0.274778 0.032568 0.051463
0 0.174948 0.273704 0.031365 0.062185
0 0.184596 0.357338 0.038599 0.083639
0 0.144185 0.390579 0.051870 0.081491
0 0.030797 0.547125 0.059104 0.111509
0 0.240687 0.567495 0.090469 0.100787
0 0.030797 0.903106 0.061521 0.145824
0 0.032607 0.748708 0.053078 0.124380
0 0.317289 0.749778 0.089266 0.152259
