0 0.425568 0.120477 0.008094 0.013194
0 0.479865 0.127069 0.010115 0.016787
0 0.466036 0.123472 0.008094 0.009593
0 0.451536 0.115681 0.010115 0.015583
0 0.432315 0.108486 0.009443 0.010787
0 0.429953 0.118079 0.011469 0.013194
0 0.389151 0.108486 0.005396 0.013194
0 0.381729 0.110282 0.008094 0.011991
0 0.361159 0.111481 0.004724 0.009593
0 0.352391 0.122278 0.007417 0.019185
0 0.362169 0.132468 0.012141 0.015583
0 0.385776 0.124676 0.010792 0.014389
0 0.391510 0.139060 0.011469 0.021583
0 0.432651 0.133667 0.010115 0.015593
0 0.441758 0.128269 0.012141 0.019185
0 0.443443 0.145060 0.016865 0.026380
0 0.465026 0.140861 0.012813 0.022778
0 0.458617 0.148056 0.012141 0.017981
0 0.456594 0.159444 0.008094 0.019185
0 0.467049 0.170838 0.012818 0.025176
0 0.442094 0.173236 0.014167 0.025176
0 0.425232 0.154051 0.011464 0.015583
0 0.413430 0.164241 0.017536 0.028778
0 0.382068 0.159449 0.018208 0.021583
0 0.324063 0.212204 0.023604 0.028778
0 0.285281 0.272755 0.032375 0.041972
0 0.016854 0.739181 0.033708 0.145083
0 0.129482 0.607884 0.070141 0.107917
0 0.173320 0.390861 0.041818 0.057556
0 0.221883 0.397454 0.045859 0.070741
0 0.468398 0.246972 0.038443 0.038370
0 0.500771 0.166042 0.011469 0.025176
0 0.517969 0.178032 0.018885 0.032380
0 0.527076 0.199611 0.022255 0.032370
0 0.581708 0.204412 0.037094 0.044361
0 0.676469 0.214000 0.029677 0.032370
0 0.696029 0.319519 0.051255 0.068352
0 0.611719 0.305130 0.043167 0.046759
0 0.632292 0.588102 0.089708 0.142685
0 0.566531 0.336306 0.049906 0.065944
