0 0.210971 0.295565 0.010786 0.029981
0 0.724909 0.400477 0.017536 0.026380
0 0.697930 0.382495 0.014839 0.035972
0 0.677023 0.381296 0.021578 0.047963
0 0.251102 0.249398 0.008766 0.019185
0 0.237948 0.271583 0.013490 0.020389
0 0.260880 0.261394 0.013490 0.021583
0 0.270997 0.235611 0.006745 0.020389
0 0.294940 0.238606 0.016859 0.026380
0 0.292245 0.272782 0.012813 0.022787
0 0.303034 0.281176 0.011464 0.025185
0 0.318208 0.288968 0.016188 0.016787
0 0.261893 0.289569 0.014161 0.025176
0 0.244018 0.284773 0.014839 0.025176
0 0.139479 0.227815 0.010792 0.014389
0 0.171516 0.232616 0.007417 0.016787
0 0.167805 0.241005 0.012141 0.011991
0 0.173878 0.258394 0.012141 0.010787
0 0.168482 0.269782 0.012141 0.011991
0 0.157016 0.272185 0.010792 0.019185
0 0.201190 0.275181 0.014161 0.015583
0 0.200859 0.293769 0.014844 0.028778
0 0.243344 0.347120 0.024281 0.025185
0 0.286510 0.384292 0.031021 0.039565
0 0.304721 0.321940 0.026974 0.025176
0 0.342492 0.302157 0.017536 0.028778
0 0.342828 0.328537 0.022260 0.033574
0 0.373180 0.320745 0.015516 0.029972
0 0.414320 0.332134 0.026307 0.040769
0 0.467266 0.354315 0.029677 0.034778
0 0.432867 0.372903 0.044516 0.062343
0 0.424099 0.462833 0.043167 0.067148
0 0.361375 0.399880 0.026979 0.044370
0 0.313154 0.434056 0.038443 0.043167
0 0.280440 0.580333 0.094422 0.232611
0 0.399484 0.686454 0.074865 0.113907
0 0.525945 0.504796 0.063401 0.067148
0 0.575518 0.396282 0.043839 0.051565
0 0.704339 0.450241 0.045187 0.061148
0 0.975091 0.575537 0.049818 0.091130
0 0.803148 0.480815 0.076891 0.081537
0 0.630823 0.922662 0.054635 0.094731
0 0.597102 0.615106 0.084307 0.122306
0 0.226146 0.309356 0.014167 0.021583
0 0.230529 0.321944 0.012141 0.027574
0 0.212318 0.327338 0.010792 0.021583
0 0.187029 0.311750 0.018214 0.028778
0 0.182643 0.289569 0.022932 0.029972
0 0.166794 0.306958 0.015516 0.021583
0 0.166458 0.327338 0.013490 0.021583
0 0.169492 0.346523 0.016859 0.040769
0 0.193437 0.334532 0.016187 0.031176
0 0.206589 0.378898 0.023604 0.038370
