0 0.800786 0.187051 0.010115 0.047954
0 0.859128 0.076736 0.012141 0.026380
0 0.888802 0.279977 0.032375 0.068343
0 0.915109 0.250602 0.035073 0.052759
0 0.932643 0.137889 0.022932 0.062352
0 0.941750 0.069546 0.018208 0.047963
0 0.871268 0.101319 0.009443 0.022787
0 0.877674 0.082736 0.011464 0.031176
0 0.930958 0.034773 0.014167 0.035972
0 0.752901 0.264986 0.018208 0.040769
0 0.890154 0.501801 0.025630 0.077935
0 0.842604 0.470023 0.024958 0.076731
0 0.738398 0.344125 0.017536 0.059954
0 0.712096 0.335130 0.014839 0.046759
0 0.682083 0.222421 0.026302 0.053954
0 0.841594 0.079134 0.016188 0.021583
0 0.784599 0.181657 0.010115 0.041963
0 0.777180 0.219421 0.010120 0.031176
0 0.858453 0.103718 0.005396 0.025176
0 0.822708 0.145685 0.010792 0.032370
0 0.844964 0.116907 0.013490 0.020389
