0 0.907810 0.522032 0.054630 0.079139
0 0.481885 0.352370 0.024281 0.029981
0 0.498076 0.339778 0.020234 0.033574
0 0.588115 0.463282 0.049240 0.052750
0 0.539216 0.478273 0.047214 0.063546
0 0.696026 0.616759 0.088354 0.122296
0 0.902076 0.921315 0.151078 0.100722
0 0.476828 0.667120 0.093750 0.196648
0 0.722333 0.909921 0.193573 0.135491
0 0.563495 0.414722 0.035073 0.049167
0 0.495039 0.387745 0.031703 0.040769
0 0.456932 0.403329 0.033719 0.040769
0 0.408370 0.402134 0.032375 0.045565
0 0.454573 0.357167 0.029000 0.044370
0 0.416802 0.361366 0.029000 0.045565
0 0.536518 0.385944 0.029672 0.041963
