0 0.656503 0.097097 0.012141 0.021583
0 0.672016 0.051528 0.008094 0.009593
0 0.680109 0.049134 0.008094 0.019176
0 0.634924 0.053931 0.009443 0.016787
0 0.667971 0.055727 0.006745 0.013194
0 0.698323 0.059921 0.008094 0.016787
0 0.634586 0.079111 0.008766 0.014389
0 0.628854 0.067718 0.008094 0.010787
0 0.605583 0.069514 0.011469 0.011991
0 0.619073 0.068917 0.007417 0.015593
0 0.593104 0.067718 0.018885 0.032380
0 0.613003 0.082106 0.010120 0.017991
0 0.682471 0.076111 0.012818 0.013185
0 0.711135 0.082106 0.010792 0.020380
0 0.697984 0.080306 0.012813 0.019185
0 0.678763 0.095296 0.009443 0.017981
0 0.665271 0.084505 0.016187 0.022787
0 0.651445 0.110282 0.018214 0.026380
0 0.578604 0.101889 0.016865 0.023981
0 0.629526 0.141458 0.020229 0.031176
0 0.724289 0.098894 0.020911 0.029972
0 0.722263 0.136667 0.030349 0.052759
0 0.683482 0.184028 0.031026 0.037167
0 0.653133 0.249972 0.032370 0.061148
0 0.597823 0.182824 0.031021 0.056352
0 0.489911 0.142662 0.032375 0.050361
0 0.423818 0.163046 0.037771 0.047963
0 0.329055 0.250574 0.055984 0.062352
0 0.207651 0.337505 0.030354 0.056361
0 0.213383 0.303949 0.071495 0.080306
0 0.119297 0.526949 0.109937 0.101917
0 0.246094 0.901051 0.085656 0.149880
0 0.630875 0.843500 0.103865 0.257796
0 0.706753 0.356088 0.042495 0.091120
0 0.617724 0.372273 0.053281 0.092324
