0 0.617047 0.247968 0.025333 0.062194
0 0.588096 0.193282 0.022922 0.038602
0 0.471690 0.261912 0.031359 0.060046
0 0.424646 0.327315 0.043427 0.053611
0 0.408964 0.290856 0.043427 0.049324
0 0.396901 0.266194 0.038604 0.055759
0 0.509690 0.221162 0.015682 0.047176
0 0.330557 0.373421 0.048250 0.077194
0 0.459628 0.369130 0.048255 0.077204
0 0.531401 0.561065 0.073583 0.173704
0 0.179773 0.623255 0.101328 0.109361
0 0.027763 0.879519 0.055526 0.128667
0 0.200279 0.524606 0.062724 0.070769
0 0.290750 0.493514 0.074792 0.111509
0 0.141169 0.546056 0.057901 0.075056
0 0.042862 0.621106 0.083234 0.169417
0 0.527784 0.361630 0.027745 0.087926
0 0.585682 0.362699 0.034979 0.085787
0 0.641773 0.363773 0.065141 0.203731
