0 0.908078 0.447213 0.066094 0.081537
0 0.619409 0.649852 0.044516 0.081537
0 0.491935 0.658250 0.028328 0.062352
0 0.402570 0.583907 0.054630 0.155870
0 0.435620 0.498176 0.031698 0.068352
0 0.474737 0.540139 0.035745 0.065944
0 0.541846 0.435824 0.044516 0.068352
0 0.511495 0.318319 0.026979 0.068343
0 0.427865 0.348894 0.026979 0.035972
0 0.432583 0.194218 0.013490 0.038361
0 0.424154 0.173236 0.010120 0.025176
0 0.433596 0.154648 0.018214 0.033574
0 0.414036 0.157648 0.014167 0.022778
0 0.568148 0.203213 0.036422 0.051556
0 0.604909 0.256565 0.008766 0.023981
0 0.609630 0.292542 0.012812 0.026380
0 0.625818 0.283546 0.029000 0.034778
0 0.712146 0.350093 0.099146 0.112704
0 0.718891 0.417241 0.042490 0.067148
0 0.776224 0.456208 0.091052 0.113917
0 0.822760 0.440620 0.136917 0.207426
0 0.836586 0.556931 0.025630 0.058750
0 0.879076 0.601292 0.063401 0.089935
0 0.933034 0.642060 0.032370 0.087528
0 0.927977 0.568917 0.103193 0.161870
0 0.978656 0.581509 0.042688 0.136685
