0 0.490992 0.871079 0.033724 0.063546
0 0.387128 0.517958 0.012141 0.026380
0 0.396904 0.525153 0.014161 0.026380
0 0.425906 0.537144 0.015510 0.026380
0 0.403648 0.541343 0.016859 0.032370
0 0.573951 0.554532 0.095776 0.058750
0 0.709516 0.981389 0.032375 0.022778
0 0.507516 0.636065 0.019563 0.029981
0 0.436698 0.333907 0.027656 0.053963
0 0.449513 0.377671 0.029005 0.038361
0 0.481549 0.386065 0.025630 0.028778
0 0.504482 0.389060 0.022932 0.029972
0 0.585081 0.446019 0.016859 0.028778
0 0.560125 0.426231 0.016865 0.027574
0 0.540901 0.408847 0.024281 0.031176
0 0.588115 0.422634 0.013490 0.025176
0 0.604638 0.452014 0.019557 0.031176
0 0.622185 0.471194 0.016880 0.023981
0 0.638026 0.462204 0.013490 0.034778
0 0.634990 0.487981 0.012812 0.023981
0 0.645107 0.505972 0.022255 0.028778
0 0.659609 0.528750 0.016187 0.028778
0 0.671747 0.546139 0.014839 0.032370
0 0.677143 0.561722 0.018880 0.034778
0 0.721995 0.649852 0.014167 0.047963
0 0.690294 0.592898 0.022255 0.044370
0 0.678492 0.508370 0.009443 0.033574
0 0.686922 0.522157 0.008771 0.029981
0 0.701424 0.553329 0.009443 0.025176
0 0.718286 0.577912 0.013490 0.035972
0 0.731099 0.593500 0.005396 0.033574
0 0.773253 0.675032 0.016859 0.045565
0 0.847781 0.881269 0.029677 0.062352
0 0.872401 0.920236 0.031698 0.056361
0 0.608010 0.743380 0.026302 0.038370
0 0.620151 0.767958 0.016865 0.027583
0 0.629255 0.783546 0.018885 0.037167
0 0.642409 0.796134 0.020911 0.035972
0 0.650839 0.812921 0.021583 0.035972
0 0.662307 0.838704 0.024281 0.034778
0 0.676469 0.864481 0.024281 0.045556
0 0.686586 0.884866 0.025630 0.045565
0 0.700750 0.915440 0.024281 0.034769
0 0.709180 0.953810 0.031703 0.049157
0 0.682201 0.962204 0.024953 0.041963
0 0.662643 0.935227 0.020911 0.040769
0 0.650841 0.898653 0.020234 0.037176
0 0.638026 0.875273 0.024281 0.043157
0 0.622849 0.841704 0.031698 0.043167
0 0.370938 0.700213 0.026979 0.047963
0 0.328784 0.598894 0.024953 0.032380
0 0.338227 0.618079 0.020911 0.032380
0 0.360148 0.638463 0.020234 0.037167
0 0.355089 0.586903 0.027656 0.058750
0 0.341938 0.538343 0.016187 0.033574
0 0.335865 0.506569 0.026979 0.034769
0 0.334516 0.483185 0.016187 0.023981
0 0.359135 0.498176 0.039792 0.041963
0 0.386786 0.467597 0.023604 0.035972
0 0.329797 0.433426 0.013490 0.032370
0 0.202323 0.045537 0.010792 0.014389
0 0.179729 0.041940 0.008771 0.016787
0 0.185125 0.029352 0.010115 0.020389
0 0.191531 0.052731 0.008094 0.014389
0 0.239081 0.058125 0.006068 0.020380
0 0.245826 0.062921 0.007422 0.020380
0 0.249198 0.078509 0.004719 0.015593
0 0.263362 0.136667 0.006068 0.019185
0 0.275167 0.140259 0.010792 0.038370
0 0.271117 0.072514 0.009443 0.017991
0 0.369927 0.347097 0.019562 0.029972
0 0.316982 0.333310 0.017536 0.026380
0 0.279549 0.310523 0.008766 0.026380
0 0.268758 0.284144 0.011464 0.026380
0 0.263701 0.260764 0.001349 0.013194
0 0.261000 0.257167 0.005396 0.017981
0 0.247510 0.270958 0.010792 0.021583
0 0.263362 0.185227 0.008766 0.025176
0 0.257292 0.200213 0.006073 0.014389
0 0.249872 0.200213 0.010120 0.016778
0 0.255604 0.189426 0.005396 0.019185
0 0.250885 0.179833 0.008094 0.023981
0 0.251896 0.132468 0.008771 0.017991
0 0.256279 0.120477 0.006745 0.015583
0 0.209404 0.078509 0.008766 0.025185
0 0.181753 0.064120 0.007422 0.015593
0 0.181078 0.079111 0.008771 0.023981
0 0.185461 0.100093 0.012141 0.022778
0 0.191870 0.205009 0.011469 0.026370
0 0.205021 0.319519 0.010792 0.027574
0 0.189846 0.311727 0.015516 0.026380
0 0.184456 0.342301 0.011453 0.025176
0 0.186810 0.377671 0.009443 0.043157
0 0.206031 0.841699 0.018208 0.045565
0 0.440070 0.907644 0.022255 0.035972
0 0.453221 0.877074 0.028328 0.075537
0 0.410393 0.836903 0.046536 0.119898
0 0.422534 0.720000 0.045193 0.085130
