0 0.780268 0.058125 0.008766 0.015583
0 0.742836 0.085704 0.009443 0.017981
0 0.765094 0.099495 0.013490 0.016787
0 0.788362 0.073713 0.008766 0.015593
0 0.897625 0.142662 0.019562 0.031176
0 0.978560 0.642662 0.035745 0.093528
0 0.965745 0.835704 0.068125 0.112704
0 0.977549 0.929227 0.041818 0.083935
0 0.181010 0.449611 0.107917 0.100722
0 0.097042 0.452014 0.047885 0.069546
0 0.067026 0.484986 0.059354 0.068343
0 0.028919 0.416037 0.033047 0.043167
0 0.006661 0.447815 0.012813 0.056352
0 0.596141 0.120477 0.019562 0.015583
0 0.526672 0.149852 0.031698 0.023981
0 0.772513 0.065319 0.006745 0.013194
0 0.767117 0.071912 0.009443 0.016787
0 0.777570 0.070116 0.007422 0.015583
0 0.411000 0.486782 0.083635 0.115102
0 0.211023 0.600093 0.039797 0.097130
0 0.054547 0.946616 0.104542 0.099528
0 0.737776 0.466403 0.099146 0.354917
0 0.680112 0.357884 0.049911 0.111509
0 0.657854 0.280546 0.040469 0.071944
0 0.689552 0.242778 0.013490 0.049167
0 0.698997 0.222991 0.014839 0.047963
0 0.726648 0.214000 0.028328 0.061148
0 0.714172 0.173838 0.027656 0.035972
0 0.730359 0.154051 0.019562 0.029972
0 0.776221 0.158245 0.030349 0.064750
0 0.752279 0.145056 0.014839 0.023981
0 0.618398 0.216403 0.035745 0.039565
0 0.570849 0.278750 0.040469 0.051556
0 0.505763 0.254167 0.046536 0.043167
0 0.562755 0.233782 0.045865 0.045565
0 0.566464 0.197815 0.042490 0.035963
0 0.623458 0.173833 0.026979 0.038370
0 0.655492 0.174435 0.019557 0.032370
0 0.675727 0.161245 0.020911 0.032380
0 0.653469 0.148653 0.015510 0.016787
0 0.669656 0.128273 0.015510 0.031176
0 0.682471 0.130671 0.020911 0.026380
0 0.692589 0.112083 0.019562 0.029981
0 0.703716 0.120477 0.009443 0.027583
0 0.712148 0.127069 0.010120 0.026380
0 0.727323 0.119278 0.010792 0.022778
0 0.717883 0.110884 0.020234 0.025176
0 0.712823 0.101292 0.008771 0.015583
0 0.718219 0.081509 0.016865 0.033574
0 0.729349 0.089301 0.008094 0.015583
0 0.735755 0.101889 0.007417 0.019185
0 0.736766 0.070718 0.005396 0.016787
0 0.727661 0.068917 0.006073 0.017981
0 0.786674 0.101894 0.014839 0.021583
0 0.740474 0.130069 0.012812 0.020380
