0 0.358057 0.446019 0.066771 0.086333
0 0.222490 0.175032 0.007417 0.021583
0 0.194497 0.189426 0.009443 0.019185
0 0.233617 0.173833 0.009443 0.019185
0 0.227547 0.187028 0.010792 0.014389
0 0.213047 0.182829 0.010115 0.015583
0 0.216083 0.188824 0.008094 0.013185
0 0.248794 0.199014 0.014161 0.026380
0 0.679099 0.424435 0.053281 0.067148
0 0.603898 0.341102 0.033724 0.037167
0 0.635932 0.358486 0.034396 0.043157
0 0.675727 0.383667 0.038443 0.038370
0 0.714846 0.404648 0.033047 0.039574
0 0.941464 0.449611 0.042490 0.047963
0 0.840297 0.544935 0.053281 0.070741
0 0.800164 0.470597 0.052609 0.097120
0 0.754638 0.437023 0.031703 0.058750
0 0.729010 0.434023 0.034396 0.055157
0 0.316240 0.204431 0.015510 0.022750
0 0.206977 0.211602 0.014161 0.017981
0 0.172242 0.179231 0.016182 0.022778
0 0.219456 0.230190 0.020234 0.031176
0 0.263969 0.214005 0.014833 0.025176
0 0.280492 0.246375 0.023609 0.034769
0 0.186745 0.208606 0.012813 0.016787
0 0.179323 0.188824 0.007417 0.008389
0 0.170219 0.188819 0.014833 0.015602
0 0.170557 0.212204 0.015510 0.023981
0 0.175279 0.245778 0.024953 0.033574
0 0.201917 0.245176 0.016188 0.029981
0 0.181346 0.278153 0.019557 0.035972
0 0.220130 0.268560 0.029677 0.069546
0 0.198208 0.357287 0.050583 0.093519
0 0.254862 0.281745 0.035745 0.040769
0 0.347940 0.250569 0.033047 0.040769
0 0.375255 0.291343 0.039115 0.047963
0 0.429547 0.393259 0.066771 0.083926
0 0.887508 0.881870 0.177380 0.233815
0 0.565453 0.748773 0.128146 0.178657
0 0.465633 0.806931 0.141641 0.230213
0 0.232943 0.567718 0.067448 0.125898
0 0.295333 0.471796 0.066771 0.092333
