0 0.440747 0.598898 0.095099 0.166667
0 0.563833 0.525750 0.089031 0.166667
0 0.681865 0.519157 0.066094 0.151074
0 0.633620 0.751773 0.108594 0.321343
0 0.178042 0.487384 0.089031 0.092324
0 0.083956 0.513764 0.084307 0.082731
0 0.048211 0.408250 0.092401 0.142685
0 0.126445 0.404648 0.043839 0.080333
0 0.262013 0.300931 0.069474 0.079139
0 0.345646 0.280546 0.060031 0.076741
0 0.389823 0.225394 0.044510 0.035972
0 0.429953 0.263162 0.024958 0.058750
0 0.475143 0.202611 0.018214 0.045556
0 0.489979 0.197218 0.031698 0.049157
0 0.456258 0.174435 0.031703 0.032370
0 0.533820 0.291940 0.054630 0.056361
0 0.589802 0.212204 0.034396 0.043167
0 0.642073 0.314120 0.040469 0.091130
0 0.671747 0.234986 0.029672 0.050361
0 0.724018 0.229588 0.027651 0.039565
0 0.728404 0.273356 0.036422 0.064750
0 0.720646 0.173236 0.020906 0.046769
0 0.723005 0.122278 0.018885 0.028778
0 0.691982 0.151648 0.032370 0.061148
0 0.664667 0.135463 0.019562 0.043167
0 0.648479 0.127069 0.015510 0.031176
0 0.523367 0.149255 0.031026 0.032380
0 0.525391 0.119880 0.024281 0.028778
0 0.548320 0.129468 0.022932 0.035972
0 0.565185 0.137861 0.014839 0.028778
0 0.577323 0.111486 0.024281 0.040769
0 0.588451 0.095296 0.011464 0.020389
0 0.606661 0.078509 0.020906 0.049167
0 0.617117 0.097097 0.009443 0.021583
0 0.659609 0.098894 0.013490 0.020380
0 0.668039 0.092898 0.011464 0.020389
0 0.700750 0.092898 0.018885 0.029981
0 0.715250 0.090500 0.015510 0.025185
0 0.641396 0.080907 0.013490 0.017981
0 0.633302 0.074315 0.010792 0.019185
0 0.673099 0.069514 0.010792 0.016787
0 0.685237 0.070718 0.006745 0.021583
0 0.710529 0.064120 0.014161 0.020389
