0 0.388745 0.143856 0.008094 0.011991
0 0.392115 0.130069 0.008094 0.013194
0 0.435281 0.136065 0.008094 0.017981
0 0.442701 0.123477 0.006745 0.011991
0 0.500706 0.160046 0.028328 0.046759
0 0.378289 0.114481 0.010120 0.013185
0 0.542185 0.150454 0.038443 0.051556
0 0.406617 0.181630 0.011464 0.025185
0 0.453828 0.160046 0.012813 0.020389
0 0.478784 0.148653 0.027651 0.035972
0 0.462932 0.120477 0.008094 0.013194
0 0.446411 0.101889 0.010115 0.019185
0 0.433260 0.108486 0.010792 0.015583
0 0.430224 0.123472 0.012813 0.009593
0 0.395826 0.161847 0.018214 0.026380
0 0.383685 0.098296 0.006068 0.014389
0 0.389419 0.095296 0.006745 0.013185
0 0.377953 0.101292 0.008094 0.015583
0 0.364464 0.102491 0.008094 0.010796
0 0.352323 0.120477 0.016188 0.029972
0 0.497669 0.179231 0.018214 0.025185
0 0.606258 0.264361 0.045193 0.068352
0 0.588385 0.220597 0.035073 0.052750
0 0.550951 0.199616 0.027651 0.053954
0 0.543534 0.211005 0.027651 0.047954
0 0.521276 0.224194 0.026302 0.033574
0 0.425839 0.131287 0.010792 0.020352
0 0.498344 0.201412 0.020906 0.028769
0 0.469341 0.211005 0.012818 0.033565
0 0.455852 0.224792 0.019557 0.039565
0 0.450794 0.197213 0.008089 0.022778
0 0.435281 0.199616 0.021583 0.034769
0 0.418419 0.215199 0.022932 0.039565
0 0.307810 0.201412 0.020234 0.035972
0 0.212375 0.316519 0.080260 0.115111
0 0.365474 0.116880 0.007417 0.017981
0 0.374242 0.139662 0.012818 0.029972
0 0.383346 0.133065 0.006745 0.014389
