0 0.195172 0.198412 0.016187 0.025176
0 0.171904 0.191819 0.024953 0.045565
0 0.146951 0.200213 0.020911 0.038370
0 0.145602 0.233190 0.027651 0.053954
0 0.179997 0.236185 0.016859 0.038370
0 0.202930 0.221796 0.019557 0.031167
0 0.248794 0.191222 0.020911 0.041963
0 0.244409 0.248773 0.028328 0.046769
0 0.211698 0.274551 0.029000 0.055157
0 0.201919 0.584509 0.095776 0.161870
0 0.350299 0.419634 0.064745 0.088731
0 0.544880 0.406449 0.077563 0.093528
0 0.425841 0.208606 0.017536 0.040769
0 0.454167 0.179829 0.060698 0.069546
0 0.529370 0.190620 0.035750 0.040759
0 0.606594 0.194819 0.043167 0.051565
0 0.641328 0.221199 0.045187 0.053954
0 0.819385 0.263764 0.050583 0.055157
0 0.813318 0.341699 0.085656 0.093528
0 0.841307 0.429227 0.093073 0.088731
0 0.604573 0.290144 0.059354 0.055157
0 0.545557 0.287745 0.053281 0.055157
0 0.460911 0.225394 0.035073 0.045565
0 0.244073 0.141458 0.014167 0.021583
0 0.231594 0.124676 0.013490 0.023981
0 0.219117 0.131269 0.012818 0.020389
0 0.245083 0.155852 0.013490 0.023981
0 0.228560 0.167241 0.014161 0.032370
0 0.214060 0.182829 0.014839 0.027583
0 0.204615 0.168440 0.010792 0.029972
0 0.210349 0.148056 0.019563 0.029981
0 0.189779 0.146255 0.014839 0.026380
0 0.179326 0.172037 0.014161 0.027574
