0 0.853448 0.886065 0.241458 0.218222
0 0.284539 0.700815 0.182776 0.562352
0 0.375591 0.321912 0.076214 0.164269
0 0.499018 0.396856 0.087005 0.199046
0 0.768464 0.258963 0.051260 0.071944
0 0.699669 0.204407 0.036422 0.065944
0 0.656169 0.234986 0.035745 0.059954
0 0.535440 0.211606 0.054630 0.068343
0 0.496656 0.160648 0.032375 0.062352
0 0.470690 0.206806 0.027651 0.056352
0 0.441352 0.236185 0.062047 0.088722
0 0.426177 0.140861 0.038448 0.073148
0 0.443378 0.094699 0.014839 0.021583
0 0.421117 0.687023 0.156474 0.275787
