0 0.487891 0.371676 0.032375 0.067148
0 0.544544 0.311722 0.047214 0.076741
0 0.662911 0.232588 0.027656 0.045565
0 0.600188 0.193019 0.024958 0.033574
0 0.621432 0.198412 0.029677 0.044361
0 0.641331 0.182829 0.019557 0.029972
0 0.605919 0.152250 0.017536 0.023981
0 0.488227 0.307528 0.053286 0.077944
0 0.586698 0.155250 0.012812 0.020389
0 0.286227 0.263764 0.130849 0.131898
0 0.176625 0.434028 0.104542 0.086333
0 0.600188 0.106088 0.051938 0.068343
0 0.535438 0.098296 0.045188 0.076741
0 0.570172 0.196019 0.021583 0.032370
0 0.549604 0.212806 0.023604 0.041963
0 0.563091 0.227787 0.011464 0.038370
0 0.218781 0.802727 0.067448 0.164269
0 0.081401 0.850093 0.138521 0.103111
0 0.334786 0.528153 0.091729 0.159472
0 0.412687 0.568917 0.053281 0.109111
0 0.571859 0.450213 0.069469 0.101926
0 0.786339 0.430431 0.058677 0.119898
0 0.740813 0.329111 0.041812 0.056352
0 0.692589 0.274551 0.055979 0.122306
0 0.577930 0.239778 0.030349 0.062352
0 0.584674 0.194815 0.015516 0.032370
0 0.533753 0.257167 0.037766 0.046759
0 0.425500 0.387264 0.077562 0.086324
