0 0.521951 0.580310 0.057328 0.091120
0 0.871995 0.821315 0.104542 0.153481
0 0.386044 0.369278 0.025630 0.033574
0 0.336810 0.326111 0.022932 0.038370
0 0.382672 0.325514 0.018885 0.029972
0 0.402245 0.316519 0.013469 0.023981
0 0.395826 0.291940 0.011464 0.020380
0 0.411003 0.290144 0.012141 0.016787
0 0.393802 0.272157 0.008771 0.019185
0 0.371206 0.268556 0.009443 0.014389
0 0.381661 0.262565 0.012813 0.019185
0 0.403245 0.279352 0.011469 0.023981
0 0.382000 0.263162 0.010792 0.017991
0 0.335461 0.507769 0.058005 0.137889
0 0.388406 0.455611 0.033052 0.071944
