0 0.425841 0.265560 0.039120 0.058750
0 0.638294 0.666639 0.121401 0.163074
0 0.639643 0.569519 0.056651 0.083926
0 0.799828 0.682829 0.140958 0.164269
0 0.792401 0.363898 0.065406 0.085167
0 0.673372 0.323713 0.076901 0.105519
0 0.556010 0.351292 0.064750 0.071935
0 0.511159 0.428028 0.073516 0.086333
0 0.323320 0.397458 0.063401 0.077935
0 0.253516 0.923250 0.165240 0.153500
0 0.273076 0.278750 0.038443 0.041963
0 0.288247 0.250569 0.036422 0.031176
0 0.223164 0.241583 0.030349 0.041963
0 0.249130 0.231986 0.026979 0.027583
0 0.216419 0.216403 0.026307 0.025176
0 0.175951 0.222995 0.030349 0.040769
0 0.161789 0.249972 0.024953 0.034778
0 0.122333 0.221796 0.018885 0.031167
0 0.129750 0.208606 0.018885 0.028769
0 0.180000 0.206810 0.023604 0.025176
0 0.153695 0.200810 0.022255 0.020380
0 0.293982 0.212806 0.026307 0.027574
0 0.318602 0.194218 0.022932 0.026380
0 0.362440 0.221796 0.031026 0.033574
0 0.412687 0.220000 0.035750 0.032370
0 0.428201 0.243380 0.038443 0.038370
0 0.480141 0.231991 0.061385 0.085130
0 0.535440 0.249370 0.051932 0.057556
0 0.359068 0.191819 0.037771 0.035972
0 0.317253 0.178032 0.020234 0.025176
0 0.270714 0.187009 0.022927 0.023944
0 0.251828 0.188227 0.013490 0.026380
0 0.161451 0.200213 0.025630 0.026370
0 0.112216 0.196019 0.020234 0.022778
0 0.007208 0.239181 0.014417 0.049157
