0 0.383349 0.283546 0.048563 0.051556
0 0.429549 0.387866 0.073516 0.087528
0 0.486878 0.372875 0.068120 0.091120
0 0.483167 0.261963 0.043167 0.053963
0 0.642003 0.519755 0.100495 0.106713
0 0.659539 0.597097 0.116682 0.131898
0 0.810617 0.574912 0.239432 0.264991
0 0.973500 0.794338 0.051260 0.123509
0 0.424490 0.219398 0.016187 0.033574
0 0.448432 0.237981 0.018208 0.041963
0 0.368172 0.202611 0.047885 0.076741
0 0.392453 0.199014 0.015510 0.028769
0 0.304773 0.176833 0.023609 0.039574
0 0.221815 0.261366 0.031703 0.050361
0 0.179333 0.249370 0.030333 0.067148
0 0.178659 0.195417 0.023620 0.064741
0 0.186068 0.164843 0.016865 0.027574
0 0.207990 0.139065 0.016187 0.028778
0 0.225862 0.151653 0.016859 0.027583
0 0.220466 0.172634 0.011464 0.026380
0 0.209000 0.159444 0.007417 0.023981
0 0.200232 0.116264 0.020911 0.026417
0 0.228224 0.115681 0.016188 0.032380
0 0.248794 0.099491 0.023609 0.038370
0 0.263630 0.111481 0.012813 0.019185
0 0.279818 0.110884 0.011469 0.013194
0 0.284875 0.085704 0.026979 0.032370
0 0.310844 0.091699 0.014167 0.027583
0 0.323659 0.084505 0.008766 0.017991
0 0.326693 0.154648 0.018885 0.028778
0 0.355021 0.140861 0.018885 0.029981
0 0.297018 0.148056 0.017536 0.025185
0 0.285214 0.125870 0.015510 0.028778
0 0.297693 0.118079 0.010792 0.017991
0 0.308146 0.129472 0.015510 0.023981
0 0.311854 0.113282 0.013490 0.017991
0 0.341195 0.117477 0.015516 0.021583
0 0.355695 0.103088 0.013484 0.021583
0 0.358729 0.081505 0.010115 0.016787
0 0.366487 0.076708 0.009443 0.011991
