0 0.796456 0.190019 0.018214 0.037167
0 0.817701 0.204407 0.020234 0.032370
0 0.786000 0.230185 0.026979 0.043167
0 0.831865 0.229588 0.022927 0.041972
0 0.864240 0.236181 0.018885 0.035972
0 0.848388 0.255968 0.023609 0.058750
0 0.822086 0.311727 0.030349 0.055157
0 0.783302 0.278148 0.040469 0.067148
0 0.708102 0.259565 0.023609 0.039574
0 0.746208 0.253569 0.039115 0.046769
0 0.758685 0.213403 0.023609 0.043157
0 0.697984 0.164241 0.026302 0.033574
0 0.676401 0.206208 0.026302 0.035972
0 0.639643 0.199014 0.033724 0.059954
0 0.680784 0.294338 0.058005 0.070750
0 0.738115 0.317120 0.048563 0.080333
0 0.730695 0.465199 0.094422 0.158269
0 0.672690 0.377074 0.060703 0.085130
0 0.595130 0.359685 0.070146 0.076741
0 0.596477 0.298537 0.060703 0.071944
0 0.571185 0.241579 0.046536 0.049157
0 0.504750 0.240380 0.056656 0.063556
0 0.457201 0.211602 0.041141 0.041963
0 0.460576 0.446019 0.076214 0.100722
0 0.532068 0.498176 0.235385 0.296167
0 0.304437 0.480190 0.125448 0.116306
0 0.171568 0.378269 0.048562 0.061148
0 0.157068 0.334505 0.091052 0.079139
0 0.048352 0.855486 0.096703 0.221824
0 0.268685 0.622273 0.176693 0.165454
