0 0.478516 0.537023 0.051260 0.073139
0 0.479187 0.485463 0.016188 0.056352
0 0.500435 0.478273 0.031703 0.049157
0 0.310911 0.421917 0.016865 0.039574
0 0.337216 0.455491 0.026307 0.046759
0 0.376672 0.420718 0.032375 0.063546
0 0.408034 0.417120 0.023609 0.041963
0 0.443107 0.417722 0.030349 0.033574
0 0.459966 0.439903 0.023609 0.032380
0 0.446815 0.453093 0.014839 0.046759
0 0.578672 0.442903 0.037094 0.055157
0 0.627570 0.453088 0.048557 0.063546
0 0.657583 0.451894 0.026302 0.044361
0 0.329122 0.402731 0.018214 0.039574
0 0.395555 0.390144 0.020234 0.026380
0 0.513586 0.393741 0.022932 0.038370
0 0.331482 0.927083 0.130849 0.145833
0 0.588789 0.882347 0.204359 0.233806
0 0.813047 0.948296 0.171313 0.099519
0 0.858911 0.584986 0.067448 0.075546
0 0.917250 0.581986 0.069469 0.069546
0 0.752008 0.551412 0.065422 0.087528
0 0.790792 0.494458 0.056656 0.067139
0 0.393870 0.463282 0.034396 0.064750
0 0.611044 0.591579 0.078911 0.093528
0 0.529099 0.629347 0.079583 0.101917
0 0.430292 0.631148 0.066771 0.095926
0 0.324401 0.616162 0.082958 0.207435
0 0.268422 0.543019 0.045187 0.075537
0 0.399940 0.502852 0.033047 0.057556
0 0.429953 0.508843 0.018885 0.057556
0 0.523031 0.511241 0.026979 0.047963
