0 0.545555 0.201412 0.019557 0.031176
0 0.445734 0.854287 0.085656 0.195444
0 0.630875 0.601894 0.078240 0.167861
0 0.837260 0.888463 0.051260 0.151074
0 0.798818 0.395657 0.056656 0.091130
0 0.803536 0.351894 0.021583 0.053954
0 0.807583 0.273356 0.071490 0.122306
0 0.764755 0.307528 0.043844 0.056352
0 0.725974 0.315324 0.016188 0.057556
0 0.621096 0.356088 0.051932 0.083935
0 0.547242 0.287144 0.056651 0.145083
0 0.486878 0.344097 0.060026 0.143880
0 0.465633 0.194819 0.032370 0.063546
0 0.514870 0.217597 0.040469 0.097120
0 0.458214 0.112681 0.014833 0.031176
0 0.444049 0.095898 0.012141 0.019185
0 0.685505 0.276352 0.029677 0.056352
0 0.703380 0.244579 0.037094 0.055157
0 0.744859 0.251773 0.031021 0.045565
0 0.693263 0.187625 0.047891 0.077935
0 0.662576 0.185829 0.022932 0.040769
0 0.638294 0.167838 0.035068 0.050361
0 0.640992 0.196014 0.020234 0.029972
0 0.625818 0.207407 0.024958 0.055148
0 0.644026 0.225995 0.023604 0.039565
0 0.660888 0.236185 0.024953 0.047963
0 0.608281 0.190023 0.020906 0.039565
0 0.614013 0.172639 0.020234 0.033574
0 0.490250 0.176231 0.020906 0.038370
0 0.489576 0.131269 0.019557 0.029981
0 0.472714 0.127671 0.015510 0.037176
0 0.463935 0.151051 0.030370 0.045565
0 0.425164 0.138463 0.017536 0.029981
0 0.445060 0.122875 0.022255 0.049157
