0 0.262284 0.291940 0.041141 0.041972
0 0.289935 0.254769 0.029005 0.041963
0 0.316914 0.230190 0.023609 0.040769
0 0.184044 0.173231 0.049234 0.085130
0 0.334112 0.300931 0.039120 0.055157
0 0.392453 0.276352 0.038448 0.053963
0 0.478448 0.330310 0.021583 0.051565
0 0.463609 0.371079 0.063396 0.068343
0 0.548591 0.390861 0.064745 0.086333
0 0.462260 0.425634 0.068792 0.103120
0 0.287237 0.345296 0.039797 0.069537
0 0.193151 0.364481 0.045865 0.069537
0 0.267005 0.425630 0.034396 0.081537
0 0.372557 0.471796 0.070146 0.109111
0 0.277458 0.646255 0.084979 0.160676
0 0.704055 0.568319 0.135568 0.155880
0 0.799828 0.793741 0.143656 0.194241
0 0.522286 0.928032 0.144333 0.110306
0 0.558372 0.716403 0.132870 0.183454
0 0.333776 0.260764 0.026302 0.037176
0 0.253503 0.188222 0.092422 0.105519
0 0.195510 0.227190 0.012813 0.020380
0 0.170555 0.228389 0.014161 0.022778
0 0.185732 0.261963 0.028328 0.034778
0 0.227547 0.254769 0.010792 0.034778
0 0.212036 0.260167 0.018885 0.043167
0 0.196185 0.296736 0.027651 0.041972
0 0.251154 0.269157 0.022932 0.041963
