0 0.351029 0.387880 0.054609 0.082759
0 0.174672 0.295537 0.037771 0.082741
0 0.194229 0.176231 0.024281 0.043167
0 0.231323 0.175634 0.026979 0.034769
0 0.184115 0.136662 0.021583 0.031176
0 0.141958 0.136667 0.024958 0.043167
0 0.119365 0.193616 0.022927 0.044361
0 0.159159 0.099495 0.014839 0.040769
0 0.167253 0.071315 0.022932 0.049167
0 0.187487 0.099491 0.017536 0.038370
0 0.201987 0.103093 0.006068 0.019185
0 0.198279 0.088102 0.006745 0.015593
0 0.196930 0.035347 0.006745 0.015583
0 0.199625 0.059921 0.010792 0.021583
0 0.206708 0.082106 0.010115 0.020380
0 0.205021 0.025755 0.010792 0.022787
0 0.358797 0.872273 0.053958 0.121102
0 0.171974 0.605486 0.029677 0.088731
