0 0.951583 0.557407 0.069469 0.163074
0 0.213047 0.784028 0.178729 0.223019
0 0.414711 0.553213 0.105891 0.147481
0 0.561742 0.319398 0.049234 0.082741
0 0.503740 0.322398 0.055979 0.086333
0 0.251492 0.331389 0.150401 0.152278
0 0.723612 0.305009 0.046536 0.094722
0 0.906055 0.602972 0.082286 0.194241
0 0.915836 0.430907 0.024953 0.085130
0 0.793758 0.248653 0.030349 0.073139
0 0.814667 0.208486 0.022260 0.052750
0 0.729010 0.242060 0.029000 0.047954
0 0.750591 0.276231 0.014161 0.049167
0 0.740813 0.197699 0.021583 0.040769
0 0.753964 0.233667 0.011469 0.031167
0 0.759023 0.211481 0.013484 0.032370
0 0.762732 0.175514 0.010120 0.029972
0 0.756661 0.171917 0.008771 0.029981
0 0.748229 0.164722 0.008094 0.027574
0 0.762732 0.148532 0.007422 0.026380
0 0.767117 0.135944 0.009443 0.022778
0 0.780604 0.196500 0.021583 0.043167
0 0.805563 0.164722 0.016187 0.025185
0 0.784315 0.173718 0.022255 0.031176
0 0.779932 0.147935 0.016187 0.032370
0 0.806573 0.129949 0.018208 0.041972
