0 0.907740 0.288343 0.029000 0.039574
0 0.909427 0.315319 0.033719 0.035972
0 0.962708 0.249370 0.024281 0.038370
0 0.523974 0.288940 0.031698 0.026380
0 0.430898 0.320116 0.029005 0.045565
0 0.858844 0.224194 0.029677 0.035963
0 0.851086 0.244574 0.022255 0.033574
0 0.831526 0.240981 0.026302 0.038370
0 0.810620 0.247574 0.027656 0.034778
0 0.785664 0.276954 0.033047 0.028778
0 0.708776 0.279347 0.034396 0.031176
0 0.742836 0.288343 0.028328 0.034778
0 0.726984 0.332708 0.031698 0.029972
0 0.715521 0.321315 0.027656 0.033574
0 0.699672 0.312324 0.021583 0.032370
0 0.667633 0.295537 0.031703 0.044370
0 0.610979 0.330310 0.034396 0.037176
0 0.630536 0.349495 0.029000 0.032380
0 0.907742 0.333306 0.030349 0.043167
0 0.848388 0.293736 0.026307 0.035972
0 0.800841 0.324315 0.031026 0.037167
0 0.748232 0.360884 0.032370 0.038361
0 0.770826 0.379468 0.035745 0.049157
0 0.660214 0.385463 0.029000 0.041963
0 0.619073 0.382468 0.027656 0.035972
0 0.551289 0.432227 0.044516 0.053954
0 0.504750 0.413644 0.078240 0.093528
0 0.410664 0.500574 0.045193 0.061148
0 0.451133 0.507769 0.049234 0.046759
0 0.615026 0.475394 0.037094 0.051565
0 0.597828 0.534148 0.048563 0.065944
0 0.492948 0.597694 0.055979 0.068352
0 0.610641 0.711005 0.056656 0.093528
0 0.634247 0.633065 0.055307 0.086333
0 0.546904 0.642060 0.062724 0.101917
0 0.481820 0.660648 0.052609 0.067148
0 0.399872 0.694218 0.057328 0.098324
0 0.135820 0.505370 0.044516 0.044370
0 0.405943 0.562926 0.049240 0.051556
0 0.290945 0.256565 0.012141 0.028778
0 0.317589 0.254167 0.024958 0.038370
0 0.319276 0.398056 0.032375 0.074333
0 0.242724 0.663644 0.027656 0.085139
0 0.044432 0.854292 0.062729 0.087528
0 0.059945 0.666639 0.070818 0.091130
0 0.670331 0.347694 0.037099 0.038370
0 0.901672 0.267361 0.024958 0.028778
