0 0.683820 0.246495 0.008766 0.025176
0 0.345242 0.307051 0.035745 0.064750
0 0.311857 0.326236 0.033724 0.050361
0 0.718219 0.204532 0.022260 0.034769
0 0.673365 0.225509 0.016188 0.028778
0 0.444385 0.575630 0.047885 0.081537
0 0.254865 0.719519 0.072167 0.131889
0 0.290948 0.875995 0.087677 0.169065
0 0.092318 0.961079 0.104542 0.077843
0 0.179661 0.555250 0.039115 0.074333
0 0.521951 0.468319 0.049234 0.087528
0 0.763745 0.365204 0.067448 0.147481
0 0.718893 0.320241 0.030349 0.047963
0 0.565115 0.330426 0.029000 0.061148
0 0.513182 0.361005 0.018208 0.047954
0 0.470018 0.343019 0.035745 0.055148
0 0.533078 0.313644 0.024281 0.044361
0 0.515544 0.289662 0.022932 0.041972
0 0.539487 0.268079 0.027651 0.046769
0 0.564104 0.263880 0.013490 0.028778
0 0.589396 0.289065 0.024958 0.033574
0 0.697984 0.278870 0.014167 0.027574
0 0.702031 0.232704 0.020906 0.047963
0 0.674378 0.258486 0.015516 0.037176
