0 0.717544 0.730792 0.143661 0.183454
0 0.742500 0.616282 0.134219 0.187046
0 0.330740 0.047333 0.008094 0.017981
0 0.329729 0.064718 0.006073 0.011991
0 0.329729 0.084505 0.008771 0.022787
0 0.290273 0.094097 0.020234 0.041972
0 0.327706 0.103093 0.011464 0.019185
0 0.324669 0.112083 0.009443 0.017981
0 0.324672 0.128273 0.013490 0.016787
0 0.315227 0.150454 0.014839 0.032370
0 0.344904 0.133667 0.020234 0.032370
0 0.341870 0.156449 0.024958 0.039565
0 0.265992 0.145056 0.016182 0.028778
0 0.207987 0.187028 0.012141 0.038370
0 0.217768 0.223593 0.012818 0.032370
0 0.230583 0.200815 0.020906 0.037167
0 0.367836 0.309324 0.047214 0.071944
0 0.290948 0.464000 0.066094 0.095926
