0 0.457268 0.396736 0.023609 0.027583
0 0.466711 0.444097 0.031703 0.045565
0 0.494365 0.487264 0.034396 0.055157
0 0.567544 0.677310 0.059349 0.087528
0 0.454909 0.529829 0.044516 0.080343
0 0.395219 0.487264 0.035750 0.057546
0 0.427266 0.327806 0.018906 0.021611
0 0.390833 0.322398 0.016188 0.025185
0 0.367904 0.312801 0.012141 0.020380
0 0.291016 0.395537 0.029677 0.044370
0 0.696701 0.525630 0.060026 0.081537
0 0.949966 0.897935 0.090380 0.147481
0 0.387799 0.340977 0.020911 0.026380
0 0.444792 0.366759 0.025625 0.032370
0 0.415792 0.368560 0.024281 0.035972
0 0.363180 0.354171 0.017536 0.031176
0 0.345984 0.461481 0.031698 0.051556
0 0.397917 0.796616 0.066771 0.117509
0 0.482560 0.718079 0.060703 0.111509
0 0.356438 0.393139 0.021583 0.039574
0 0.392859 0.389542 0.026979 0.039565
