0 0.437307 0.297935 0.013490 0.025185
0 0.938768 0.509565 0.038443 0.139093
0 0.927638 0.591097 0.059349 0.098324
0 0.513521 0.345301 0.018885 0.026380
0 0.501042 0.330912 0.011469 0.021583
0 0.480807 0.335704 0.018208 0.033574
0 0.487552 0.323116 0.014167 0.022787
0 0.431911 0.345324 0.018885 0.026389
0 0.441016 0.332708 0.012812 0.022787
0 0.435958 0.319519 0.010792 0.020389
0 0.875367 0.468801 0.041141 0.064750
0 0.453828 0.304532 0.015510 0.021583
0 0.449445 0.320718 0.012141 0.022787
0 0.464958 0.313523 0.008094 0.017991
0 0.593104 0.337505 0.026979 0.044361
0 0.545219 0.317718 0.018885 0.026380
0 0.643690 0.392060 0.033724 0.045565
0 0.540833 0.377074 0.034396 0.037167
0 0.505427 0.376472 0.024281 0.040759
0 0.464958 0.351894 0.029677 0.053954
0 0.470690 0.425032 0.026307 0.025176
0 0.530719 0.435824 0.037094 0.056352
0 0.404594 0.450213 0.068125 0.166667
0 0.685169 0.599491 0.082964 0.105519
0 0.524313 0.918440 0.209083 0.131898
0 0.537125 0.500574 0.022927 0.068352
0 0.483505 0.522153 0.077562 0.164269
0 0.817362 0.440023 0.100495 0.141491
