0 0.619747 0.204894 0.011464 0.031176
0 0.681458 0.326593 0.029677 0.049167
0 0.894253 0.933907 0.057328 0.110315
0 0.192138 0.519037 0.073516 0.122296
0 0.262284 0.384144 0.041141 0.053954
0 0.359068 0.330787 0.036417 0.038370
0 0.379638 0.258245 0.023609 0.032380
0 0.368510 0.229468 0.022927 0.029972
0 0.584000 0.174917 0.018208 0.038370
0 0.616039 0.246255 0.017536 0.044361
0 0.642341 0.224676 0.012141 0.046759
0 0.611654 0.174917 0.010120 0.023981
0 0.597826 0.143139 0.009443 0.025185
0 0.607268 0.144935 0.009443 0.019185
0 0.708776 0.191699 0.023604 0.045565
