0 0.429549 0.222394 0.043839 0.049157
0 0.644026 0.117477 0.012812 0.031176
0 0.625143 0.128273 0.027651 0.035972
0 0.673029 0.087500 0.023609 0.038370
0 0.687193 0.129472 0.022260 0.033574
0 0.657854 0.148653 0.024281 0.035972
0 0.640992 0.133065 0.017536 0.023981
0 0.790047 0.091699 0.021583 0.032380
0 0.789036 0.118079 0.023604 0.039565
0 0.765430 0.110287 0.023609 0.038370
0 0.722266 0.156449 0.023604 0.037176
0 0.692589 0.195417 0.014167 0.035963
0 0.676065 0.191218 0.025630 0.049157
0 0.708102 0.208005 0.034401 0.044361
0 0.759359 0.184630 0.033052 0.043167
0 0.754638 0.251171 0.030349 0.061157
0 0.712487 0.261963 0.031026 0.058759
0 0.675052 0.237981 0.027656 0.049167
0 0.643016 0.224194 0.031021 0.038370
0 0.605919 0.156449 0.033724 0.044361
0 0.577591 0.133667 0.025630 0.027574
0 0.572195 0.162444 0.022932 0.039574
0 0.578940 0.209806 0.036422 0.047963
0 0.509135 0.172037 0.027656 0.037167
0 0.531729 0.211005 0.037771 0.050361
0 0.492948 0.261366 0.029000 0.050361
0 0.391779 0.272157 0.047891 0.052759
0 0.260596 0.317120 0.052609 0.056352
0 0.332763 0.349495 0.058005 0.058750
0 0.330401 0.411843 0.077563 0.075537
0 0.634922 0.287144 0.021583 0.065954
0 0.671344 0.304528 0.045865 0.076741
0 0.717206 0.402250 0.058005 0.099519
0 0.617721 0.405250 0.081609 0.160667
0 0.566128 0.368676 0.045859 0.099519
0 0.509474 0.459204 0.070146 0.095926
0 0.442362 0.533546 0.030349 0.093519
0 0.342542 0.585704 0.101844 0.128296
0 0.110193 0.631269 0.091729 0.121111
