0 0.858505 0.432824 0.015510 0.023981
0 0.410664 0.636667 0.078911 0.105519
0 0.480810 0.664241 0.068120 0.093519
0 0.529367 0.736787 0.062724 0.104315
0 0.562081 0.873472 0.079589 0.200241
0 0.252841 0.960403 0.113984 0.069546
0 0.190453 0.907648 0.121406 0.141481
0 0.222826 0.618681 0.076891 0.059954
0 0.833549 0.480792 0.014161 0.016787
0 0.851086 0.452611 0.019557 0.020389
0 0.842992 0.467000 0.016859 0.027574
0 0.902346 0.427431 0.014161 0.020380
0 0.742836 0.420833 0.022932 0.047963
0 0.719568 0.459208 0.029000 0.031176
0 0.705068 0.487981 0.024281 0.038370
0 0.662237 0.484384 0.030349 0.035972
0 0.642341 0.516162 0.036422 0.058750
0 0.596815 0.502370 0.033047 0.043167
0 0.598503 0.453213 0.025630 0.047963
0 0.632224 0.464602 0.032375 0.051556
0 0.655492 0.436421 0.022255 0.035972
0 0.650435 0.403449 0.021578 0.027583
0 0.686857 0.401648 0.017536 0.019185
0 0.688880 0.432829 0.021583 0.035972
0 0.679435 0.455606 0.022932 0.035972
0 0.710461 0.415440 0.022932 0.029972
0 0.723615 0.389060 0.018208 0.025176
0 0.777906 0.393856 0.016187 0.029972
0 0.789036 0.386065 0.011469 0.028778
0 0.803536 0.374671 0.010792 0.025176
0 0.511159 0.426833 0.027651 0.033574
0 0.547578 0.410644 0.026302 0.029972
0 0.470354 0.410644 0.029677 0.027583
0 0.561742 0.387264 0.020911 0.021583
0 0.594117 0.387259 0.023609 0.023981
0 0.600188 0.374676 0.016865 0.017981
0 0.676063 0.392056 0.016187 0.019185
0 0.685169 0.381269 0.015516 0.016778
0 0.704391 0.387264 0.016187 0.021583
0 0.704055 0.370477 0.014161 0.016787
0 0.716531 0.366278 0.013490 0.017981
0 0.725638 0.359088 0.011464 0.017991
0 0.731708 0.369278 0.006073 0.016778
0 0.742500 0.370477 0.018208 0.028769
0 0.751940 0.384866 0.011464 0.021583
0 0.759021 0.381870 0.010792 0.022778
0 0.771164 0.369880 0.009443 0.017981
0 0.791060 0.367481 0.011464 0.017981
0 0.782630 0.360287 0.008094 0.015593
0 0.801177 0.348898 0.008771 0.014389
0 0.771500 0.355491 0.011469 0.015593
0 0.788362 0.348296 0.007422 0.017981
0 0.850411 0.497579 0.018208 0.031176
0 0.859516 0.532949 0.024281 0.034769
0 0.874357 0.486782 0.017536 0.035972
0 0.864240 0.471796 0.021583 0.032370
0 0.878740 0.445417 0.012812 0.020389
0 0.871995 0.429231 0.015510 0.019185
0 0.887169 0.414241 0.009443 0.022778
0 0.897289 0.410042 0.012141 0.021583
0 0.905380 0.407046 0.013490 0.020389
0 0.915836 0.398051 0.014161 0.026380
0 0.930672 0.396255 0.011469 0.017991
0 0.943826 0.387861 0.014839 0.020389
0 0.939440 0.414838 0.012818 0.026380
0 0.969792 0.455611 0.019562 0.033574
0 0.905044 0.508366 0.015516 0.035972
0 0.910440 0.535343 0.018214 0.032370
0 0.907742 0.552731 0.019557 0.028778
0 0.907406 0.580907 0.013490 0.041963
0 0.692589 0.534745 0.031698 0.055157
0 0.658190 0.644458 0.053286 0.087528
0 0.581977 0.591102 0.070818 0.153481
0 0.526672 0.527551 0.046542 0.059954
0 0.473052 0.478394 0.041812 0.050361
0 0.380312 0.426231 0.035750 0.039574
0 0.170557 0.550333 0.064073 0.059944
0 0.261945 0.495176 0.044516 0.033574
0 0.403583 0.493977 0.040469 0.050361
