0 0.412583 0.383069 0.048250 0.092213
0 0.813065 0.880593 0.176120 0.182278
0 0.883029 0.670435 0.096505 0.130815
0 0.746117 0.645773 0.100120 0.145824
0 0.631521 0.614676 0.150781 0.203722
0 0.628505 0.310162 0.043427 0.079343
0 0.405346 0.291931 0.026536 0.051472
0 0.333573 0.273704 0.022917 0.036463
0 0.358904 0.291935 0.030161 0.042889
0 0.380617 0.310162 0.032568 0.049324
0 0.274464 0.261907 0.025333 0.034315
0 0.202089 0.268343 0.025333 0.051463
0 0.223810 0.287657 0.032589 0.055796
0 0.301003 0.290856 0.032568 0.057898
0 0.411375 0.334824 0.036188 0.064333
0 0.457214 0.323028 0.036188 0.057907
0 0.459628 0.365917 0.053078 0.075056
0 0.931281 0.847352 0.108563 0.184426
0 0.478927 0.468852 0.067552 0.100796
0 0.635745 0.496731 0.079615 0.096500
0 0.687612 0.496727 0.062724 0.092213
0 0.525370 0.415241 0.066344 0.096500
0 0.566984 0.388431 0.048250 0.094361
0 0.709326 0.297296 0.094089 0.130815
0 0.790146 0.372352 0.060312 0.053611
0 0.811255 0.420602 0.073583 0.068630
0 0.962039 0.371273 0.027745 0.060046
0 0.560953 0.268343 0.048250 0.051463
0 0.553716 0.304796 0.053078 0.055759
