0 0.095422 0.489662 0.102521 0.086324
0 0.496388 0.212681 0.070818 0.079139
0 0.470758 0.182708 0.031703 0.045565
0 0.430630 0.170718 0.024281 0.045565
0 0.403987 0.172514 0.019557 0.039565
0 0.117005 0.414134 0.136240 0.131917
0 0.371615 0.211486 0.047885 0.069546
0 0.603289 0.167120 0.060703 0.081537
0 0.706146 0.170116 0.039792 0.049157
0 0.658596 0.179713 0.076891 0.089926
0 0.789440 0.198894 0.047214 0.065954
0 0.892971 0.242056 0.143661 0.137889
0 0.680852 0.293616 0.196943 0.207435
0 0.475818 0.314602 0.122750 0.194241
0 0.584068 0.323593 0.150406 0.205037
0 0.772242 0.640741 0.410745 0.647481
