0 0.437917 0.399157 0.036188 0.077204
0 0.688216 0.447403 0.049453 0.113657
0 0.439724 0.244755 0.020510 0.038602
0 0.631521 0.330532 0.032573 0.068620
0 0.743102 0.325171 0.031359 0.066472
0 0.883633 0.463491 0.068755 0.128667
0 0.552510 0.171843 0.012063 0.034315
0 0.764815 0.311231 0.031359 0.072907
0 0.538638 0.182560 0.013266 0.025731
0 0.357094 0.572856 0.060312 0.132954
0 0.367951 0.682227 0.038599 0.094361
0 0.035000 0.722972 0.070000 0.107222
0 0.091714 0.523523 0.164052 0.265935
0 0.398711 0.262981 0.025328 0.036463
0 0.509687 0.242606 0.025333 0.047176
0 0.424044 0.251185 0.020505 0.034315
0 0.573620 0.187926 0.018094 0.045037
0 0.411378 0.299435 0.026536 0.040741
0 0.481943 0.313375 0.034979 0.051472
0 0.539242 0.252259 0.026536 0.053611
0 0.701487 0.274778 0.032568 0.055759
0 0.284115 0.462417 0.059104 0.087926
0 0.352872 0.298366 0.042224 0.077194
0 0.380615 0.294074 0.030156 0.042889
0 0.498219 0.383069 0.036167 0.062194
