0 0.444388 0.354292 0.041141 0.068343
0 0.351648 0.207407 0.009443 0.011981
0 0.357719 0.203213 0.014833 0.022778
0 0.324669 0.211602 0.014839 0.027574
0 0.381997 0.205009 0.017536 0.021574
0 0.408641 0.200815 0.018208 0.027574
0 0.422466 0.218801 0.014839 0.025176
0 0.344568 0.521556 0.055979 0.124704
0 0.258911 0.775153 0.128823 0.406472
0 0.458214 0.624074 0.066094 0.104315
0 0.554323 0.625273 0.085656 0.101917
0 0.714508 0.537741 0.074193 0.099519
0 0.851760 0.565319 0.080260 0.097120
0 0.949557 0.693620 0.088354 0.152278
0 0.874693 0.522755 0.073521 0.079139
0 0.796117 0.450810 0.070141 0.098324
0 0.726984 0.426231 0.088354 0.123500
0 0.715857 0.477194 0.063401 0.076741
0 0.621435 0.386667 0.020234 0.041963
0 0.628177 0.411245 0.016188 0.050361
0 0.598505 0.404648 0.044510 0.080333
0 0.534766 0.352491 0.034396 0.043167
0 0.546568 0.330310 0.032375 0.044361
0 0.548591 0.301532 0.032370 0.037176
0 0.575906 0.300333 0.026302 0.032370
0 0.593779 0.330912 0.039120 0.055157
0 0.620758 0.324917 0.036422 0.052759
0 0.659878 0.383667 0.045859 0.059944
0 0.683146 0.366880 0.035750 0.050352
0 0.383349 0.420838 0.021583 0.059954
0 0.374245 0.305727 0.029000 0.055157
0 0.322984 0.289542 0.029000 0.046769
0 0.219453 0.291940 0.013490 0.037176
0 0.182359 0.214005 0.020229 0.034769
0 0.280492 0.236782 0.020911 0.029972
0 0.314552 0.240380 0.021583 0.029981
0 0.306797 0.226588 0.018208 0.031176
0 0.299039 0.209204 0.022932 0.037167
0 0.279143 0.201412 0.011464 0.021583
0 0.391104 0.228986 0.022260 0.026380
0 0.421792 0.249972 0.021583 0.027574
0 0.449107 0.254171 0.027651 0.031176
0 0.496995 0.300931 0.039792 0.045565
0 0.414375 0.228389 0.016188 0.020389
