0 0.443323 0.290171 0.045187 0.045565
0 0.338107 0.366903 0.049234 0.055157
0 0.015378 0.782375 0.025630 0.080343
0 0.395435 0.260815 0.065422 0.073185
0 0.595076 0.112111 0.020911 0.037167
0 0.354633 0.268588 0.033724 0.050361
0 0.503685 0.219426 0.025630 0.028778
0 0.635206 0.101319 0.009443 0.020380
0 0.627112 0.092329 0.009443 0.016787
0 0.562703 0.124704 0.034396 0.028778
0 0.517513 0.155273 0.038443 0.077935
0 0.465917 0.379495 0.047208 0.077935
0 0.637568 0.658273 0.041146 0.098324
0 0.601484 0.297361 0.029677 0.062352
0 0.569448 0.260792 0.037094 0.080343
0 0.546177 0.250000 0.024281 0.051556
0 0.595076 0.183454 0.020911 0.035963
0 0.639253 0.155875 0.020234 0.055157
