0 0.380312 0.508370 0.007417 0.014389
0 0.361091 0.473593 0.009443 0.014389
0 0.401896 0.484986 0.006073 0.015583
0 0.399872 0.498176 0.008766 0.015593
0 0.414711 0.496380 0.015516 0.023981
0 0.414036 0.515560 0.011469 0.011991
0 0.426177 0.508968 0.007417 0.010787
0 0.427526 0.521556 0.007417 0.014389
0 0.431911 0.528153 0.008094 0.013194
0 0.446411 0.522157 0.010115 0.017981
0 0.437643 0.540741 0.010120 0.011981
0 0.459560 0.547935 0.009443 0.014389
0 0.451130 0.543736 0.007417 0.015583
0 0.447424 0.549731 0.012141 0.022778
0 0.358057 0.486185 0.010115 0.013185
0 0.373904 0.491579 0.006745 0.011991
0 0.383010 0.497579 0.007417 0.011991
0 0.358729 0.512565 0.012812 0.029981
0 0.369185 0.505968 0.006745 0.016787
0 0.371883 0.518560 0.009443 0.013194
0 0.375253 0.535944 0.006745 0.019185
0 0.360417 0.545537 0.017531 0.050352
0 0.363789 0.577310 0.024276 0.044361
0 0.389081 0.547935 0.011464 0.021574
0 0.474401 0.553333 0.024281 0.046759
0 0.522625 0.580907 0.031698 0.056352
0 0.567815 0.630069 0.041141 0.053954
0 0.678424 0.770356 0.043839 0.065954
0 0.563430 0.658250 0.012141 0.038370
0 0.470352 0.653449 0.017536 0.035972
0 0.436294 0.657046 0.026307 0.047963
0 0.393464 0.602491 0.026979 0.061148
0 0.372221 0.637264 0.035745 0.092324
0 0.413026 0.694815 0.035073 0.089926
0 0.495646 0.821917 0.042490 0.087537
0 0.393466 0.829111 0.047214 0.104315
