0 0.400615 0.309926 0.014833 0.022778
0 0.496049 0.190620 0.007422 0.014389
0 0.487620 0.199014 0.010792 0.021583
0 0.522354 0.190620 0.014167 0.033574
0 0.507516 0.203213 0.012813 0.027574
0 0.540565 0.267361 0.019557 0.043167
0 0.526409 0.285347 0.018224 0.035972
0 0.490992 0.236782 0.014839 0.027583
0 0.466036 0.281745 0.018885 0.040769
0 0.460305 0.342301 0.016859 0.027583
0 0.701760 0.884264 0.115333 0.130694
0 0.598906 0.552731 0.018885 0.045556
0 0.492005 0.416639 0.023604 0.056352
0 0.467385 0.513162 0.035073 0.069546
0 0.264036 0.522755 0.037094 0.057546
0 0.515271 0.158847 0.008094 0.013194
0 0.531122 0.157648 0.007422 0.015593
0 0.538539 0.153458 0.010109 0.019194
0 0.522016 0.163046 0.005396 0.014389
0 0.388138 0.279949 0.012818 0.034769
0 0.787417 0.454412 0.042490 0.050361
0 0.438721 0.169042 0.022255 0.031176
0 0.280224 0.289542 0.022260 0.029972
0 0.400276 0.214602 0.019562 0.047963
0 0.386451 0.242176 0.017536 0.023981
0 0.375323 0.262565 0.012812 0.023981
0 0.334180 0.351894 0.024953 0.041972
0 0.364870 0.336306 0.018885 0.025185
