0 0.506773 0.183546 0.012141 0.021574
0 0.539151 0.167361 0.008094 0.020389
0 0.618734 0.723718 0.064750 0.121102
0 0.813654 0.890380 0.086328 0.147481
0 0.530380 0.703329 0.036417 0.077935
0 0.482156 0.530671 0.035750 0.082731
0 0.192477 0.741102 0.060703 0.131889
0 0.323997 0.473718 0.039120 0.059954
0 0.364125 0.516282 0.031698 0.058750
0 0.327367 0.364000 0.031026 0.041963
0 0.374242 0.313644 0.024953 0.041972
0 0.389417 0.368796 0.024281 0.056352
0 0.466307 0.417958 0.025625 0.056361
0 0.502055 0.453333 0.025630 0.047963
0 0.518914 0.353208 0.031026 0.049157
0 0.509474 0.300454 0.029677 0.073148
0 0.484180 0.283069 0.015516 0.035972
0 0.465969 0.301653 0.022260 0.044361
0 0.462935 0.274074 0.020234 0.034778
0 0.475750 0.235102 0.018885 0.038370
0 0.497669 0.224912 0.023609 0.056361
