0 0.552302 0.245176 0.020906 0.034778
0 0.562081 0.800935 0.109266 0.213426
0 0.714508 0.811125 0.103870 0.169065
0 0.857156 0.272755 0.041146 0.065954
0 0.971815 0.665440 0.050589 0.151083
0 0.667294 0.290741 0.020234 0.039574
0 0.657516 0.252370 0.012812 0.025185
0 0.664935 0.240380 0.015516 0.027574
0 0.478786 0.458005 0.061375 0.136694
0 0.543195 0.424431 0.044516 0.064750
0 0.506437 0.359685 0.029000 0.050352
0 0.460237 0.351292 0.031026 0.047954
0 0.342206 0.359083 0.037766 0.061148
0 0.286565 0.445417 0.054630 0.063556
0 0.516555 0.594102 0.084307 0.157074
0 0.420445 0.270356 0.028328 0.032380
0 0.318602 0.202014 0.025630 0.039565
0 0.471365 0.287144 0.026302 0.039565
0 0.477099 0.311727 0.024281 0.035972
0 0.491263 0.264963 0.017536 0.038370
0 0.517568 0.239778 0.032375 0.057556
0 0.530719 0.263759 0.023604 0.038370
0 0.594792 0.290139 0.022260 0.038370
0 0.609630 0.308727 0.024958 0.039565
0 0.613677 0.266759 0.016865 0.034778
0 0.606932 0.251769 0.016865 0.028778
