0 0.463003 0.252370 0.029005 0.044370
0 0.223568 0.334505 0.042490 0.083935
0 0.245490 0.791940 0.097125 0.221824
0 0.978523 0.760167 0.042953 0.119907
0 0.587776 0.807528 0.166594 0.238611
0 0.492341 0.484389 0.060703 0.100722
0 0.416464 0.214005 0.015510 0.025176
0 0.404997 0.220593 0.016859 0.023981
0 0.385102 0.203810 0.012141 0.014380
0 0.388813 0.228389 0.012813 0.020389
0 0.383417 0.214005 0.015510 0.020380
0 0.365880 0.214602 0.012812 0.014389
0 0.364531 0.204412 0.016865 0.015583
0 0.345310 0.202611 0.009443 0.014389
0 0.335529 0.198417 0.010120 0.015593
0 0.326760 0.205606 0.014167 0.025176
0 0.316982 0.199616 0.012141 0.010787
0 0.306526 0.204407 0.012813 0.022778
0 0.292365 0.211602 0.012813 0.022778
0 0.292703 0.196019 0.010792 0.020389
0 0.278539 0.205009 0.009443 0.019185
0 0.271456 0.190625 0.014161 0.026380
0 0.261339 0.199611 0.008771 0.017981
0 0.422198 0.252370 0.026979 0.034778
0 0.476828 0.248773 0.016187 0.027583
0 0.459969 0.282347 0.026979 0.034769
0 0.522690 0.264361 0.031026 0.044370
0 0.507177 0.270954 0.024281 0.038370
0 0.498747 0.318319 0.027651 0.044361
0 0.581034 0.296134 0.033047 0.035972
0 0.766508 0.359690 0.022255 0.026380
0 0.651852 0.407644 0.042495 0.064750
0 0.661969 0.353093 0.047885 0.065944
0 0.585753 0.332708 0.030349 0.053954
0 0.012802 0.326116 0.018885 0.031176
0 0.185799 0.224792 0.011464 0.022787
0 0.204008 0.213403 0.016859 0.026380
0 0.304505 0.228389 0.018208 0.029981
0 0.334518 0.233185 0.017536 0.032370
0 0.326760 0.266759 0.023604 0.039574
0 0.352055 0.329708 0.017536 0.045565
0 0.308214 0.324912 0.033719 0.064750
