0 0.496995 0.268560 0.039792 0.045565
0 0.521612 0.256569 0.028328 0.040769
0 0.186068 0.170241 0.010115 0.019185
0 0.189776 0.195417 0.013490 0.035963
0 0.211023 0.214602 0.026307 0.045556
0 0.226536 0.201412 0.014167 0.021583
0 0.238003 0.213403 0.020911 0.023972
0 0.246096 0.229588 0.024953 0.034769
0 0.262620 0.234384 0.018885 0.032380
0 0.276109 0.225389 0.018885 0.033574
0 0.309831 0.187023 0.014839 0.026380
0 0.345242 0.223593 0.023609 0.027574
0 0.208326 0.182227 0.015516 0.021583
0 0.201581 0.172037 0.010120 0.020389
0 0.202591 0.154051 0.012141 0.015583
0 0.188430 0.144458 0.012141 0.027583
0 0.177638 0.154653 0.010786 0.016787
0 0.167523 0.179231 0.009443 0.022778
0 0.547242 0.276949 0.036422 0.045565
0 0.595466 0.264361 0.068120 0.094722
0 0.702370 0.340500 0.051260 0.083926
0 0.775885 0.391458 0.082281 0.101917
0 0.579279 0.415440 0.061380 0.077935
0 0.915932 0.735583 0.168135 0.348926
0 0.731031 0.696616 0.346000 0.525176
0 0.493286 0.390861 0.056656 0.071944
0 0.458888 0.324315 0.044516 0.049167
0 0.148974 0.206213 0.014167 0.023981
0 0.168531 0.227792 0.015510 0.031176
0 0.190789 0.253569 0.024953 0.034769
0 0.219792 0.298532 0.034396 0.045565
0 0.320286 0.261361 0.037094 0.047963
0 0.411677 0.231389 0.018885 0.033574
0 0.464284 0.239181 0.037766 0.039565
