0 0.424154 0.532949 0.046536 0.063546
0 0.373229 0.594097 0.024281 0.046769
0 0.353672 0.630069 0.016188 0.041972
0 0.365474 0.535944 0.012813 0.040759
0 0.377951 0.530546 0.012141 0.032370
0 0.376266 0.547935 0.011469 0.023981
0 0.445062 0.577907 0.015510 0.028778
0 0.425839 0.601292 0.010792 0.022787
0 0.448435 0.631870 0.016859 0.023981
0 0.404255 0.640861 0.021583 0.041963
0 0.400885 0.586903 0.018885 0.068343
0 0.248794 0.799134 0.060026 0.073139
0 0.348951 0.697815 0.053953 0.105519
0 0.398523 0.722398 0.033047 0.137889
0 0.398862 0.820120 0.033724 0.062352
0 0.507451 0.825514 0.039120 0.080343
0 0.487214 0.870477 0.024281 0.052750
0 0.468331 0.786542 0.017536 0.045565
0 0.478445 0.765560 0.017536 0.049157
0 0.446073 0.734389 0.029677 0.061148
0 0.466979 0.701412 0.024281 0.043157
0 0.570174 0.802731 0.051255 0.094722
0 0.688542 0.851889 0.054635 0.070741
0 0.557023 0.728991 0.038443 0.045556
0 0.457875 0.662444 0.020906 0.034778
0 0.434945 0.676833 0.018214 0.039574
0 0.432586 0.647458 0.017536 0.026380
0 0.402232 0.640259 0.017536 0.028778
