0 0.341870 0.124671 0.012813 0.021583
0 0.332763 0.149856 0.017536 0.026380
0 0.312195 0.145657 0.018214 0.027574
0 0.288586 0.181028 0.011464 0.028778
0 0.305448 0.196616 0.022260 0.038361
0 0.748906 0.188222 0.021583 0.033574
0 0.815341 0.249370 0.010120 0.019185
0 0.778581 0.222995 0.028328 0.050361
0 0.926289 0.361486 0.026974 0.053954
0 0.838945 0.513764 0.043839 0.077935
0 0.738115 0.308727 0.037771 0.065954
0 0.689891 0.155250 0.015510 0.027574
0 0.651445 0.099495 0.018214 0.050361
0 0.557695 0.100093 0.010120 0.025185
0 0.565115 0.157051 0.011469 0.026380
0 0.596477 0.312324 0.025630 0.041963
0 0.567138 0.180431 0.014161 0.022787
0 0.542859 0.199014 0.020906 0.045565
0 0.409654 0.274556 0.041818 0.071944
0 0.716195 0.190023 0.015516 0.022787
0 0.730023 0.189421 0.009443 0.021583
0 0.183370 0.166042 0.031698 0.044361
0 0.322984 0.113287 0.027656 0.044352
