0 0.472445 0.303810 0.028328 0.038361
0 0.520669 0.272639 0.022255 0.038370
0 0.528089 0.232468 0.029000 0.063546
0 0.575638 0.246856 0.012141 0.029972
0 0.488969 0.264241 0.022260 0.043167
0 0.502458 0.237264 0.019562 0.034769
0 0.551018 0.214481 0.016859 0.025185
0 0.547310 0.195894 0.020234 0.045565
0 0.563833 0.197694 0.014167 0.037167
0 0.461315 0.333185 0.031703 0.046759
0 0.597896 0.287625 0.024281 0.044361
0 0.556750 0.309806 0.026979 0.062352
0 0.622849 0.390139 0.041812 0.076741
0 0.499424 0.400333 0.039120 0.065944
0 0.439732 0.390144 0.035745 0.074343
0 0.401289 0.934509 0.111286 0.067148
0 0.701760 0.837384 0.128146 0.220620
0 0.591487 0.722875 0.054630 0.121102
0 0.506505 0.461486 0.022260 0.068343
0 0.388138 0.498653 0.058005 0.087528
0 0.315630 0.697699 0.099146 0.125898
