0 0.522289 0.156560 0.036422 0.058731
0 0.491599 0.180546 0.026302 0.046759
0 0.479797 0.074435 0.035073 0.062352
0 0.462260 0.102014 0.017531 0.031176
0 0.441690 0.055245 0.024953 0.040769
0 0.365474 0.068440 0.020906 0.035972
0 0.320286 0.053449 0.019563 0.025176
0 0.444388 0.114602 0.019557 0.039574
0 0.538138 0.822037 0.084307 0.233815
0 0.579617 0.722519 0.025630 0.113907
0 0.612664 0.640380 0.066099 0.148685
0 0.647063 0.411361 0.111958 0.280574
0 0.549266 0.521074 0.033719 0.094722
0 0.255201 0.940144 0.089026 0.079139
0 0.106146 0.915565 0.111958 0.123500
0 0.144253 0.528273 0.081609 0.135491
0 0.205964 0.365801 0.045865 0.086324
0 0.280156 0.322023 0.053958 0.152250
0 0.310505 0.214722 0.032375 0.071944
0 0.290948 0.172153 0.029677 0.049157
0 0.339508 0.183546 0.020234 0.052759
0 0.350638 0.118801 0.018214 0.035972
0 0.313542 0.088222 0.019562 0.041963
0 0.367161 0.103208 0.021583 0.031176
0 0.461586 0.195537 0.025630 0.057556
0 0.479794 0.277671 0.033724 0.077935
0 0.499018 0.260884 0.023609 0.070750
0 0.566128 0.251292 0.039120 0.070750
