0 0.408302 0.344097 0.016188 0.031176
0 0.386383 0.359083 0.023609 0.065944
0 0.343891 0.547338 0.037094 0.092324
0 0.417745 0.383667 0.018885 0.038370
0 0.449445 0.373477 0.024276 0.039565
0 0.432247 0.341102 0.015516 0.025185
0 0.404594 0.316519 0.011469 0.019185
0 0.417745 0.303329 0.016188 0.021583
0 0.400547 0.296736 0.008771 0.013194
0 0.412013 0.285347 0.011464 0.016787
0 0.394815 0.284144 0.006745 0.011991
0 0.519589 0.561722 0.045865 0.075537
0 0.451133 0.557528 0.043839 0.067148
0 0.581302 0.386065 0.051938 0.071944
0 0.374242 0.261361 0.007422 0.014389
0 0.372557 0.271556 0.005396 0.020389
0 0.392115 0.266157 0.008094 0.009593
0 0.405604 0.271556 0.008094 0.017981
