0 0.704729 0.596495 0.010115 0.025176
0 0.736091 0.578509 0.009443 0.027574
0 0.920219 0.289542 0.022927 0.032380
0 0.945172 0.277551 0.016187 0.020380
0 0.946193 0.257148 0.014177 0.025148
0 0.962711 0.260167 0.009443 0.023981
0 0.836247 0.466403 0.016859 0.040769
0 0.851422 0.462801 0.010792 0.021583
0 0.866935 0.446616 0.012141 0.022787
0 0.513182 0.675037 0.055979 0.081537
0 0.548591 0.654051 0.025630 0.041972
0 0.458888 0.718796 0.058005 0.080333
0 0.316576 0.843500 0.087682 0.109111
0 0.387060 0.782347 0.081609 0.077935
0 0.402570 0.733782 0.064078 0.059954
0 0.039247 0.961606 0.078495 0.055157
0 0.179992 0.921435 0.154464 0.099519
0 0.445060 0.808125 0.038443 0.045565
0 0.598839 0.585704 0.072167 0.092333
0 0.692253 0.480190 0.028328 0.037176
0 0.778581 0.432824 0.020234 0.028778
0 0.694951 0.612681 0.014839 0.021583
0 0.787688 0.400454 0.016865 0.019185
0 0.909766 0.356690 0.034396 0.058750
0 0.875367 0.320116 0.020911 0.031176
