0 0.653807 0.423833 0.055302 0.075537
0 0.615026 0.338704 0.049240 0.070741
0 0.527346 0.332708 0.039797 0.061157
0 0.521617 0.279347 0.031036 0.055157
0 0.487891 0.257167 0.026979 0.044370
0 0.457878 0.257764 0.030349 0.040769
0 0.432586 0.258968 0.025630 0.045565
0 0.418758 0.299134 0.035745 0.044361
0 0.347940 0.330912 0.049234 0.055157
0 0.278471 0.359088 0.046536 0.049157
0 0.234969 0.369278 0.024281 0.040759
0 0.325005 0.729588 0.088354 0.154676
0 0.330404 0.209806 0.015516 0.023981
0 0.318599 0.219398 0.016188 0.031167
0 0.399872 0.209806 0.018214 0.019185
0 0.385370 0.208005 0.016188 0.020380
0 0.413023 0.216398 0.009443 0.022778
0 0.391443 0.228389 0.018885 0.029981
0 0.415724 0.244579 0.021583 0.021583
0 0.432922 0.212801 0.020906 0.029972
0 0.329729 0.242181 0.015510 0.021583
0 0.361766 0.236181 0.017531 0.031176
0 0.349625 0.239181 0.010792 0.027583
0 0.384359 0.266759 0.030354 0.037167
0 0.338161 0.284144 0.026979 0.035972
0 0.325008 0.257764 0.029005 0.031176
0 0.292633 0.255370 0.029005 0.047963
0 0.189440 0.225991 0.014161 0.029981
0 0.208326 0.267361 0.024953 0.043167
0 0.383013 0.595898 0.065422 0.122296
0 0.428875 0.495176 0.069469 0.110315
0 0.512167 0.576116 0.040479 0.087528
0 0.516216 0.781750 0.101172 0.153481
0 0.611990 0.704407 0.098469 0.152278
0 0.657854 0.689421 0.043167 0.095917
0 0.804211 0.823116 0.118703 0.183454
0 0.746544 0.561125 0.081609 0.115102
0 0.968107 0.596495 0.041818 0.082731
0 0.753289 0.411843 0.062724 0.085130
0 0.566128 0.504167 0.066099 0.085130
0 0.369521 0.209806 0.015510 0.021574
0 0.279479 0.202014 0.016188 0.020380
