0 0.635935 0.335708 0.024953 0.035972
0 0.676401 0.315324 0.034396 0.071944
0 0.707763 0.324315 0.025630 0.053963
0 0.741148 0.311727 0.022255 0.050361
0 0.716534 0.283546 0.017536 0.027574
0 0.734404 0.264958 0.014161 0.026380
0 0.719568 0.238583 0.020906 0.052759
0 0.698997 0.252972 0.012141 0.023981
0 0.685169 0.246375 0.015516 0.020380
0 0.704729 0.240981 0.010115 0.019185
0 0.699333 0.219394 0.011469 0.021583
0 0.729685 0.199014 0.016859 0.026380
0 0.707089 0.197218 0.008094 0.015583
0 0.718893 0.200213 0.007422 0.016778
0 0.712482 0.191824 0.012151 0.014389
0 0.743510 0.198412 0.010792 0.020380
0 0.587708 0.542537 0.056656 0.123500
0 0.751953 0.628870 0.060052 0.183444
0 0.277122 0.950222 0.122078 0.097111
0 0.232943 0.767361 0.098469 0.105519
0 0.115924 0.722394 0.076214 0.077935
0 0.509810 0.417241 0.041141 0.047963
0 0.582990 0.426829 0.047208 0.074343
0 0.653133 0.379472 0.031026 0.051556
