0 0.489576 0.325514 0.018214 0.039565
0 0.472714 0.258968 0.014167 0.031176
0 0.443714 0.253569 0.015510 0.027583
0 0.453156 0.243977 0.010115 0.025176
0 0.412013 0.384866 0.024953 0.045565
0 0.396836 0.329708 0.039120 0.095917
0 0.425164 0.309926 0.022932 0.037167
0 0.370534 0.442417 0.053953 0.119907
0 0.354008 0.571315 0.046536 0.089926
0 0.259922 0.714602 0.094427 0.191852
0 0.501380 0.567120 0.067448 0.148685
0 0.426177 0.284144 0.023604 0.045565
0 0.454841 0.291343 0.026974 0.057556
0 0.461247 0.356088 0.035745 0.069546
0 0.467992 0.452014 0.019557 0.050361
0 0.546229 0.395060 0.029000 0.049157
