0 0.480807 0.544815 0.023604 0.041963
0 0.406617 0.651532 0.027651 0.034769
0 0.451130 0.646134 0.018208 0.040769
0 0.443375 0.625755 0.013490 0.031176
0 0.422130 0.611366 0.019562 0.040769
0 0.397849 0.619759 0.026302 0.038370
0 0.367836 0.635343 0.029672 0.038370
0 0.369185 0.601773 0.017536 0.031176
0 0.366823 0.574792 0.015510 0.022787
0 0.389419 0.587981 0.020234 0.032370
0 0.406953 0.568199 0.021583 0.050361
0 0.431573 0.579588 0.024958 0.029972
0 0.455516 0.569995 0.010792 0.020380
0 0.469003 0.561606 0.012141 0.029972
0 0.415385 0.683907 0.023604 0.041963
0 0.487552 0.587981 0.011469 0.029981
0 0.509135 0.596972 0.018208 0.023981
0 0.446073 0.530431 0.021583 0.025176
0 0.418083 0.524435 0.011469 0.017981
0 0.386383 0.560403 0.012818 0.025176
0 0.389081 0.535824 0.012818 0.023981
0 0.385370 0.523236 0.008094 0.017991
0 0.362440 0.523236 0.013484 0.034769
0 0.437982 0.753463 0.039120 0.049185
0 0.524648 0.624556 0.019557 0.038370
0 0.922242 0.962681 0.039120 0.055157
0 0.820398 0.906926 0.037766 0.061148
0 0.860867 0.882347 0.068797 0.093528
0 0.762396 0.846977 0.018885 0.041972
0 0.739799 0.868556 0.062724 0.089926
0 0.721253 0.799616 0.031026 0.059954
0 0.670331 0.778032 0.024953 0.059954
0 0.603560 0.717477 0.018214 0.034769
0 0.525323 0.749255 0.038448 0.057546
0 0.487888 0.772037 0.039120 0.052759
0 0.453156 0.820000 0.053281 0.067148
0 0.385034 0.757051 0.046536 0.111509
0 0.399872 0.926713 0.066776 0.110315
0 0.562419 0.981343 0.038443 0.037315
0 0.491599 0.944097 0.070823 0.089935
0 0.377615 0.680907 0.045187 0.076741
0 0.424492 0.712685 0.028328 0.041963
