0 0.258911 0.116278 0.014167 0.028778
0 0.336138 0.074310 0.009443 0.011991
0 0.259922 0.088102 0.013490 0.020389
0 0.339172 0.107287 0.010115 0.015593
0 0.334451 0.092898 0.010120 0.020389
0 0.468667 0.182231 0.031698 0.043167
0 0.705401 0.387264 0.050583 0.095917
0 0.589057 0.274556 0.045865 0.062352
0 0.544544 0.260764 0.033724 0.063546
0 0.577594 0.212801 0.064750 0.092324
0 0.346245 0.116880 0.016167 0.020389
0 0.366484 0.124676 0.010792 0.023981
0 0.355021 0.142060 0.017531 0.029972
0 0.346253 0.174435 0.025630 0.032370
0 0.398187 0.231986 0.026979 0.049157
0 0.448432 0.249370 0.029000 0.047963
0 0.542185 0.408245 0.024953 0.077935
0 0.518578 0.411241 0.022260 0.071944
0 0.408305 0.435222 0.022932 0.076741
0 0.501380 0.609685 0.040469 0.113907
