0 0.412687 0.576713 0.064073 0.057556
0 0.510484 0.384264 0.034396 0.029972
0 0.605922 0.395056 0.032375 0.034778
0 0.626154 0.508968 0.043161 0.061157
0 0.654143 0.384866 0.035745 0.043157
0 0.685844 0.317120 0.034396 0.029981
0 0.667633 0.291940 0.035745 0.041972
0 0.733732 0.324912 0.033047 0.035972
0 0.747893 0.299731 0.030349 0.028778
0 0.778245 0.343500 0.027656 0.039574
0 0.739799 0.422032 0.057328 0.093528
0 0.878740 0.310528 0.027656 0.043167
0 0.849737 0.293741 0.024953 0.043167
0 0.861203 0.246977 0.022260 0.035972
0 0.845354 0.240977 0.021583 0.031176
0 0.946521 0.257769 0.035073 0.047963
0 0.889531 0.218199 0.023604 0.021583
0 0.911453 0.229588 0.021583 0.027583
0 0.973500 0.193620 0.018885 0.022778
0 0.433932 0.336306 0.040469 0.020389
0 0.494297 0.293139 0.042490 0.032370
0 0.681797 0.226593 0.027656 0.026370
0 0.743849 0.207407 0.023604 0.023981
0 0.207315 0.429829 0.044516 0.037176
0 0.115924 0.742181 0.053286 0.076731
0 0.008221 0.737380 0.016443 0.047963
0 0.504750 0.112083 0.021583 0.013185
0 0.401557 0.170236 0.045865 0.021583
0 0.297354 0.151051 0.026302 0.021583
0 0.964396 0.078509 0.022260 0.029981
0 0.338161 0.146856 0.021583 0.025176
0 0.488565 0.724194 0.060703 0.095926
0 0.272737 0.538343 0.039120 0.071944
0 0.326357 0.375273 0.027651 0.057546
0 0.332766 0.331509 0.029677 0.046759
0 0.520602 0.415440 0.041141 0.044361
