0 0.423141 0.468199 0.016188 0.034769
0 0.635260 0.640264 0.042490 0.059954
0 0.393802 0.826111 0.046542 0.081537
0 0.256885 0.890861 0.064073 0.093519
0 0.280156 0.795537 0.051260 0.085130
0 0.292633 0.693019 0.038443 0.079130
0 0.299039 0.641463 0.039120 0.052759
0 0.346253 0.613884 0.043161 0.088731
0 0.365474 0.699014 0.034396 0.059954
0 0.434607 0.720597 0.048557 0.067139
0 0.459562 0.645056 0.037771 0.067148
0 0.536789 0.684625 0.049234 0.071935
0 0.431234 0.550333 0.032375 0.047963
0 0.384023 0.530551 0.025630 0.039565
0 0.349625 0.549731 0.026979 0.037167
0 0.317927 0.574912 0.024281 0.041972
0 0.297354 0.556926 0.023604 0.046759
0 0.291958 0.604889 0.023604 0.037167
0 0.295669 0.517963 0.022932 0.043167
0 0.290273 0.489181 0.017536 0.035972
0 0.359742 0.504171 0.022932 0.041972
0 0.368849 0.467602 0.018208 0.033574
0 0.354008 0.455611 0.019557 0.033574
0 0.317927 0.472394 0.024281 0.040769
0 0.567812 0.586903 0.029000 0.049157
0 0.753628 0.730787 0.055307 0.075537
0 0.792409 0.703810 0.062724 0.098324
0 0.915833 0.802134 0.077562 0.103120
0 0.921229 0.873477 0.088354 0.125898
0 0.632224 0.575509 0.035073 0.047963
0 0.606596 0.585704 0.036422 0.056352
0 0.536115 0.557528 0.029000 0.038370
0 0.481143 0.512565 0.022932 0.037167
0 0.504414 0.532944 0.024953 0.037167
0 0.445398 0.483190 0.021578 0.035972
0 0.431909 0.453213 0.017536 0.033574
0 0.358393 0.413644 0.107911 0.100713
