0 0.766625 0.456250 0.060250 0.058750
0 0.470328 0.598333 0.102531 0.095917
0 0.266188 0.812354 0.129500 0.181042
0 0.247312 0.675062 0.089938 0.112708
0 0.249109 0.577937 0.068344 0.095958
0 0.223031 0.519771 0.046750 0.075542
0 0.230672 0.467625 0.045844 0.081500
0 0.422219 0.458042 0.060250 0.071917
0 0.485609 0.516187 0.066531 0.073125
0 0.524281 0.387896 0.052188 0.061125
0 0.459984 0.353729 0.035094 0.038375
0 0.792266 0.860312 0.147469 0.154708
0 0.952781 0.630104 0.094438 0.106708
0 0.714922 0.488604 0.086344 0.085125
