0 0.514870 0.228394 0.032375 0.053954
0 0.520602 0.347097 0.051932 0.097120
0 0.425503 0.278153 0.037099 0.074343
0 0.374917 0.243977 0.029000 0.063546
0 0.382336 0.184023 0.024953 0.049157
0 0.454503 0.087500 0.014161 0.019185
0 0.458888 0.106088 0.012141 0.022787
0 0.469005 0.130667 0.021583 0.038370
0 0.447760 0.130069 0.020906 0.032380
0 0.440341 0.103088 0.014161 0.021583
0 0.422130 0.113880 0.019562 0.028778
0 0.399872 0.113282 0.014161 0.027583
0 0.686518 0.861486 0.140964 0.106713
0 0.390768 0.143259 0.025630 0.039574
0 0.414372 0.497574 0.055307 0.124704
0 0.487216 0.168440 0.020234 0.041972
0 0.447422 0.154648 0.014833 0.033574
0 0.838609 0.561120 0.160521 0.318944
0 0.862891 0.851292 0.147031 0.139083
0 0.115250 0.849491 0.065427 0.104315
0 0.289263 0.553931 0.068120 0.160676
0 0.479458 0.191819 0.015510 0.035972
0 0.459227 0.192421 0.022255 0.049157
0 0.462260 0.071315 0.017531 0.037167
0 0.423141 0.082708 0.010792 0.016787
0 0.407292 0.089898 0.016865 0.033574
0 0.432583 0.035958 0.051260 0.071917
0 0.544544 0.190620 0.045859 0.086333
0 0.424154 0.190023 0.022255 0.046769
0 0.633229 0.464616 0.064062 0.121139
