0 0.363115 0.193019 0.036417 0.045556
0 0.839284 0.285944 0.059349 0.070741
0 0.966083 0.321319 0.056656 0.079139
0 0.514531 0.176236 0.033052 0.050361
0 0.223500 0.262565 0.037771 0.052759
0 0.170893 0.240977 0.024276 0.040769
0 0.197534 0.200213 0.031703 0.050352
0 0.227211 0.205009 0.019557 0.045556
0 0.258234 0.202611 0.018208 0.035963
0 0.263294 0.176833 0.014839 0.025185
0 0.249469 0.166639 0.014167 0.023981
0 0.234969 0.177435 0.018885 0.028778
0 0.211698 0.170236 0.012812 0.026380
0 0.175615 0.176231 0.020229 0.033574
0 0.186742 0.149856 0.014161 0.021583
0 0.228221 0.148056 0.017536 0.029981
0 0.233953 0.131269 0.008760 0.022778
0 0.248120 0.133667 0.011469 0.022778
0 0.789372 0.285347 0.055307 0.064750
0 0.202591 0.148056 0.012141 0.015593
0 0.213721 0.124074 0.018214 0.029981
0 0.302414 0.311125 0.039120 0.056361
0 0.365812 0.264963 0.039115 0.052759
0 0.276784 0.364481 0.045859 0.079130
0 0.247445 0.446014 0.054630 0.083935
0 0.377615 0.499375 0.080260 0.106713
0 0.435281 0.440019 0.091729 0.124704
0 0.477773 0.393861 0.049911 0.075537
0 0.602885 0.428630 0.076219 0.087537
0 0.811294 0.417241 0.100495 0.103111
0 0.744859 0.333903 0.087677 0.106713
0 0.592432 0.317718 0.072844 0.074343
0 0.509810 0.239181 0.050589 0.058750
0 0.448096 0.232588 0.021578 0.059954
0 0.577591 0.209204 0.039120 0.041963
0 0.612328 0.203208 0.046542 0.058750
0 0.686518 0.247574 0.050589 0.049167
