0 0.642409 0.086903 0.016859 0.037176
0 0.481211 0.406449 0.043839 0.098324
0 0.552370 0.395060 0.043167 0.087528
0 0.563497 0.312921 0.038443 0.064750
0 0.627570 0.197815 0.033047 0.081537
0 0.650841 0.141463 0.014839 0.033574
0 0.622849 0.153449 0.016865 0.035972
0 0.638698 0.121676 0.010792 0.027574
0 0.515612 0.617477 0.068120 0.187046
0 0.632630 0.072514 0.005396 0.015583
0 0.532807 0.242181 0.029677 0.059954
0 0.556417 0.193616 0.024281 0.044361
0 0.583732 0.199616 0.024953 0.044361
0 0.573276 0.163042 0.016187 0.026380
0 0.621164 0.103088 0.020234 0.040769
0 0.617117 0.119880 0.017536 0.019185
0 0.607674 0.145056 0.025630 0.052759
0 0.579685 0.136667 0.019557 0.023981
0 0.494365 0.249370 0.026979 0.052759
0 0.560799 0.143861 0.010120 0.019185
