0 0.917521 0.016773 0.018885 0.033546
0 0.931346 0.040741 0.014161 0.033574
0 0.946859 0.113884 0.023604 0.059954
0 0.933706 0.154653 0.020234 0.035972
0 0.899310 0.275153 0.022932 0.046769
0 0.763070 0.220597 0.009443 0.038361
0 0.745534 0.255366 0.024276 0.045565
0 0.778581 0.219398 0.012141 0.045556
0 0.789711 0.203213 0.010120 0.037167
0 0.803539 0.146856 0.009443 0.034769
0 0.803201 0.183431 0.012818 0.031176
0 0.196523 0.486787 0.025630 0.067148
0 0.836250 0.589301 0.055979 0.082731
0 0.786339 0.174435 0.016865 0.037167
0 0.793758 0.548537 0.066776 0.089926
0 0.753292 0.523954 0.045187 0.081537
0 0.711471 0.508366 0.051932 0.083935
0 0.628177 0.399255 0.045865 0.083935
0 0.715859 0.224796 0.024281 0.051556
0 0.716195 0.341102 0.019557 0.051556
0 0.731034 0.374074 0.022255 0.050352
0 0.887172 0.499977 0.032375 0.064750
0 0.934383 0.525755 0.040464 0.077935
0 0.845352 0.470611 0.020234 0.058778
0 0.823771 0.442421 0.022927 0.064750
0 0.813318 0.453810 0.020906 0.058750
0 0.795107 0.446019 0.020911 0.062352
0 0.777906 0.428028 0.013490 0.052759
0 0.760034 0.416639 0.019557 0.070741
0 0.735753 0.337505 0.011464 0.041972
0 0.746880 0.299134 0.013490 0.044361
0 0.729010 0.296134 0.014167 0.055157
0 0.862552 0.074912 0.050583 0.106713
