0 0.702990 0.263190 0.053281 0.073139
0 0.612948 0.197838 0.048563 0.055157
0 0.576193 0.229616 0.055979 0.075546
0 0.757620 0.787769 0.428281 0.376500
0 0.876664 0.610310 0.116005 0.134287
0 0.929271 0.424458 0.117354 0.165472
0 0.606544 0.310551 0.068120 0.069546
0 0.407914 0.300958 0.045859 0.055157
0 0.374190 0.369907 0.074193 0.099519
0 0.357328 0.489208 0.070146 0.093528
0 0.236263 0.106116 0.007422 0.022787
0 0.189391 0.146884 0.010792 0.015583
0 0.217714 0.134292 0.016187 0.031176
0 0.216367 0.154079 0.014839 0.015583
0 0.231206 0.142088 0.012141 0.029972
0 0.253461 0.129500 0.009443 0.019185
0 0.247055 0.135491 0.008766 0.019185
0 0.245031 0.157671 0.012812 0.025176
0 0.252112 0.167866 0.009443 0.021583
0 0.268977 0.190648 0.017536 0.028778
0 0.242669 0.189444 0.009443 0.023981
0 0.236602 0.180454 0.014839 0.020389
0 0.216703 0.176259 0.012813 0.023981
0 0.198831 0.143884 0.018880 0.040769
0 0.190401 0.172662 0.012813 0.026380
0 0.196807 0.191847 0.016188 0.026380
0 0.152294 0.178060 0.022932 0.049157
0 0.170505 0.181056 0.010792 0.014389
0 0.172865 0.202037 0.018208 0.027574
0 0.171516 0.224819 0.012813 0.032380
0 0.144201 0.258394 0.025630 0.039565
0 0.207937 0.250602 0.029000 0.038370
0 0.190062 0.308153 0.029677 0.035972
0 0.286174 0.293167 0.039797 0.056352
0 0.327990 0.239806 0.034396 0.038370
0 0.387680 0.157676 0.048557 0.056352
0 0.485138 0.174458 0.035745 0.053954
0 0.960633 0.338731 0.038443 0.046759
0 0.846313 0.276380 0.056656 0.056352
0 0.723898 0.229019 0.018214 0.043167
