0 0.287237 0.504769 0.031703 0.062352
0 0.340521 0.513759 0.026302 0.056352
0 0.302359 0.543162 0.015510 0.026380
0 0.307083 0.564745 0.034396 0.040769
0 0.306070 0.601917 0.024276 0.043167
0 0.413984 0.937653 0.052604 0.050361
0 0.258859 0.896282 0.064750 0.118713
0 0.276732 0.761389 0.039797 0.071944
0 0.291232 0.645088 0.033724 0.050361
0 0.378911 0.595324 0.026979 0.046759
0 0.368458 0.669667 0.038448 0.046759
0 0.379922 0.762588 0.053281 0.122306
0 0.498292 0.651681 0.016188 0.053954
0 0.469628 0.597120 0.030349 0.038370
0 0.451078 0.654079 0.032375 0.053954
0 0.408977 0.456806 0.022932 0.038370
0 0.382674 0.438222 0.012141 0.017981
0 0.362094 0.426824 0.012792 0.031167
0 0.982945 0.690620 0.033724 0.059944
0 0.958664 0.766759 0.066099 0.113907
0 0.976971 0.907648 0.046057 0.098315
0 0.648747 0.560523 0.022255 0.044361
0 0.727661 0.718796 0.050583 0.065944
0 0.644365 0.614481 0.024281 0.046759
0 0.633234 0.643259 0.037094 0.070741
0 0.536789 0.564125 0.027651 0.063546
0 0.461250 0.499977 0.023604 0.031176
0 0.425167 0.468199 0.016188 0.029972
0 0.306797 0.410042 0.008771 0.021583
0 0.357380 0.487384 0.010115 0.034769
