0 0.265721 0.143861 0.004047 0.014389
0 0.731438 0.243375 0.038448 0.040769
0 0.774604 0.240380 0.045187 0.046759
0 0.533820 0.187625 0.022255 0.027583
0 0.586091 0.200815 0.018880 0.022778
0 0.396568 0.769157 0.148385 0.274574
0 0.466375 0.769759 0.026302 0.067148
0 0.691982 0.552731 0.066099 0.107907
0 0.294724 0.330907 0.035073 0.091130
0 0.910169 0.797935 0.127474 0.236204
0 0.266060 0.230185 0.012818 0.033574
0 0.281911 0.184028 0.008094 0.027574
0 0.292026 0.170236 0.010792 0.021583
0 0.305852 0.184630 0.008766 0.014389
0 0.288656 0.152852 0.013490 0.022778
