0 0.668646 0.093495 0.016187 0.026380
0 0.666958 0.173833 0.019562 0.043167
0 0.647401 0.220597 0.034396 0.057546
0 0.709451 0.147454 0.023609 0.033574
0 0.684495 0.127671 0.024958 0.039565
0 0.636945 0.163046 0.025630 0.047963
0 0.659539 0.117481 0.007422 0.028778
0 0.703042 0.112685 0.013490 0.028778
0 0.708440 0.096495 0.012141 0.025176
0 0.714510 0.080907 0.021583 0.034778
0 0.684159 0.095296 0.012141 0.032370
0 0.525323 0.472991 0.077562 0.166667
0 0.677078 0.310523 0.080260 0.167861
0 0.158753 0.814139 0.180755 0.163037
0 0.144250 0.546139 0.112635 0.089926
0 0.109180 0.478991 0.119380 0.118704
0 0.166172 0.365083 0.148385 0.137889
0 0.350974 0.356690 0.075542 0.073139
0 0.339508 0.299134 0.062047 0.053954
0 0.574221 0.260167 0.056651 0.076741
0 0.472039 0.399852 0.073516 0.089926
