0 0.400208 0.565319 0.008094 0.020380
0 0.422805 0.544940 0.012818 0.039565
0 0.440003 0.551528 0.009443 0.014389
0 0.405943 0.532949 0.007417 0.010787
0 0.356031 0.834509 0.037094 0.062352
0 0.395151 0.773954 0.030354 0.058759
0 0.575570 0.845296 0.109266 0.242204
0 0.634247 0.884866 0.045859 0.095917
0 0.667633 0.949611 0.062724 0.095926
0 0.642341 0.979593 0.035068 0.038370
0 0.513182 0.956208 0.085656 0.082731
0 0.565115 0.949611 0.061375 0.095926
0 0.524646 0.888463 0.047885 0.093519
0 0.504076 0.835704 0.031026 0.057556
0 0.487214 0.783546 0.029677 0.056352
0 0.475750 0.725394 0.035073 0.076731
0 0.504078 0.743375 0.024281 0.055157
0 0.466646 0.682227 0.037094 0.083935
0 0.452143 0.638463 0.016182 0.034778
0 0.439667 0.627671 0.010115 0.027583
0 0.438318 0.588704 0.026302 0.052759
0 0.432247 0.612083 0.014161 0.025185
0 0.423141 0.604889 0.008094 0.022778
0 0.418422 0.578509 0.010792 0.025185
0 0.388068 0.663644 0.016188 0.039565
0 0.360417 0.711602 0.032375 0.089926
0 0.329391 0.770356 0.026979 0.041972
0 0.307471 0.842301 0.034401 0.061157
0 0.236315 0.810523 0.064745 0.050361
0 0.263969 0.761366 0.043167 0.040769
0 0.214396 0.767958 0.057333 0.061157
0 0.142901 0.790741 0.082958 0.080333
0 0.053198 0.823116 0.072167 0.068343
0 0.360417 0.649255 0.016187 0.027583
0 0.385698 0.628269 0.019542 0.043167
0 0.399872 0.594097 0.010120 0.022787
0 0.366151 0.620477 0.018208 0.034769
0 0.369521 0.583907 0.018208 0.038370
0 0.384695 0.588102 0.014839 0.027574
0 0.386383 0.564120 0.011464 0.027574
0 0.396164 0.578509 0.009443 0.020389
0 0.377953 0.521556 0.013490 0.033574
0 0.362104 0.547935 0.012812 0.033574
0 0.388068 0.525157 0.008094 0.014389
0 0.409654 0.552130 0.012141 0.020389
