0 0.405268 0.139060 0.015516 0.026380
0 0.547578 0.190023 0.018208 0.027583
0 0.424492 0.149852 0.020234 0.033574
0 0.413362 0.125870 0.018214 0.043167
0 0.453828 0.624676 0.069469 0.158278
0 0.473388 0.539542 0.041141 0.071935
0 0.439331 0.395657 0.025630 0.043167
0 0.415721 0.315324 0.020234 0.043167
0 0.475073 0.291940 0.026979 0.049157
0 0.597826 0.492778 0.055307 0.117500
0 0.742161 0.437620 0.048563 0.076741
0 0.764755 0.370477 0.045187 0.059954
0 0.895940 0.610884 0.068797 0.116306
0 0.546570 0.208606 0.022932 0.031176
