0 0.363182 0.294940 0.049240 0.079139
0 0.567880 0.104889 0.008094 0.017981
0 0.552367 0.130667 0.006745 0.014389
0 0.572940 0.151051 0.011464 0.021583
0 0.555404 0.149852 0.011464 0.023981
0 0.544273 0.191819 0.017536 0.031176
0 0.583393 0.205009 0.025630 0.035963
0 0.653875 0.114481 0.008771 0.027574
0 0.676469 0.135468 0.017531 0.026380
0 0.703448 0.282944 0.026979 0.047963
0 0.827211 0.264361 0.030349 0.041963
0 0.923995 0.374074 0.035073 0.055148
0 0.913878 0.314125 0.058005 0.074343
0 0.801581 0.442417 0.033047 0.076741
0 0.770557 0.474194 0.034396 0.073148
0 0.686586 0.762565 0.060703 0.129500
0 0.504820 0.416042 0.033047 0.098324
0 0.313607 0.143856 0.012141 0.026380
0 0.301130 0.184028 0.020906 0.032370
0 0.346656 0.136065 0.016188 0.025185
0 0.327771 0.234384 0.032375 0.046769
0 0.288654 0.264361 0.039120 0.049167
