0 0.468615 0.377097 0.045865 0.070750
0 0.643974 0.293764 0.063396 0.059954
0 0.664883 0.334532 0.041818 0.064750
0 0.893195 0.816546 0.132849 0.242204
0 0.404542 0.289569 0.044510 0.051565
0 0.315513 0.260792 0.053953 0.111509
0 0.245370 0.222421 0.024281 0.044361
0 0.215354 0.212829 0.014167 0.032380
0 0.186690 0.196639 0.014839 0.023981
0 0.201529 0.190644 0.013484 0.026380
0 0.187365 0.170866 0.010792 0.029972
0 0.199169 0.167866 0.014161 0.016787
0 0.203216 0.161870 0.014161 0.028778
0 0.160391 0.223625 0.014844 0.032380
0 0.149258 0.217028 0.011464 0.033574
0 0.063602 0.179259 0.014161 0.027574
