0 0.207651 0.091222 0.012813 0.023981
0 0.370331 0.484625 0.041141 0.094731
0 0.652930 0.283190 0.055984 0.068343
0 0.939578 0.469639 0.104542 0.139093
0 0.864375 0.731625 0.125448 0.197843
0 0.691914 0.884866 0.170641 0.179861
0 0.302885 0.308366 0.057333 0.077935
0 0.243870 0.233426 0.016187 0.043167
0 0.206776 0.219639 0.032375 0.058759
0 0.375727 0.659685 0.134214 0.185852
0 0.513654 0.883306 0.059349 0.141481
0 0.120107 0.231028 0.031703 0.057556
0 0.100885 0.155486 0.029677 0.045565
0 0.227344 0.150690 0.023604 0.040769
0 0.187214 0.129111 0.013490 0.028778
0 0.160102 0.100213 0.020234 0.032370
0 0.138857 0.094815 0.012818 0.028778
0 0.164484 0.062440 0.020906 0.050361
0 0.152682 0.069634 0.013490 0.026380
0 0.186404 0.093019 0.014839 0.027574
0 0.190115 0.108009 0.018208 0.028778
0 0.183031 0.042060 0.018885 0.045565
0 0.220130 0.119398 0.016187 0.022778
0 0.211023 0.105009 0.012818 0.027574
0 0.157201 0.161486 0.027651 0.050361
0 0.132922 0.123111 0.022260 0.038370
0 0.194633 0.154889 0.022932 0.034778
0 0.253987 0.346134 0.049911 0.093528
