0 0.286510 0.318583 0.031698 0.075537
0 0.241661 0.163907 0.010792 0.025185
0 0.230867 0.157912 0.009443 0.025176
0 0.212995 0.172903 0.022260 0.026380
0 0.222773 0.198079 0.017536 0.035972
0 0.240984 0.217866 0.025625 0.039565
0 0.188378 0.166907 0.012141 0.023981
0 0.195458 0.177097 0.010115 0.015583
0 0.174549 0.181296 0.012818 0.028778
0 0.181969 0.201681 0.012813 0.026380
0 0.203216 0.211269 0.017536 0.023981
0 0.225135 0.237653 0.024958 0.035972
0 0.272010 0.214269 0.018885 0.029981
0 0.291232 0.230458 0.031703 0.045565
0 0.343164 0.247245 0.033047 0.035972
0 0.343503 0.276620 0.028328 0.039574
0 0.886443 0.737051 0.058000 0.140287
0 0.462208 0.379134 0.063396 0.083935
0 0.353281 0.316787 0.037094 0.057556
0 0.279430 0.418704 0.064745 0.095926
0 0.217380 0.484051 0.062052 0.125898
0 0.399820 0.495444 0.074870 0.124704
