0 0.295078 0.240407 0.032375 0.050352
0 0.331026 0.226259 0.026302 0.041963
0 0.359016 0.232852 0.029677 0.043167
0 0.340466 0.191486 0.024953 0.034769
0 0.353281 0.175898 0.018208 0.039574
0 0.323607 0.177097 0.019557 0.029972
0 0.315177 0.162708 0.016187 0.029972
0 0.235253 0.198681 0.020911 0.029972
0 0.215357 0.211870 0.009443 0.025185
0 0.226484 0.164505 0.018208 0.026380
0 0.205237 0.162106 0.014839 0.026380
0 0.477044 0.159713 0.022932 0.033574
0 0.460185 0.139329 0.020234 0.021583
0 0.450742 0.123741 0.014839 0.026370
0 0.437927 0.148921 0.012135 0.035972
0 0.369133 0.154315 0.014839 0.034778
0 0.345190 0.146523 0.027651 0.033565
0 0.396109 0.160907 0.018885 0.028778
0 0.335070 0.379736 0.041141 0.075546
0 0.141503 0.561389 0.030349 0.091130
0 0.022695 0.478060 0.045391 0.087528
0 0.144201 0.410912 0.057328 0.073139
0 0.206924 0.294005 0.037099 0.062343
0 0.286172 0.305394 0.040469 0.053954
