0 0.611654 0.286546 0.015516 0.023981
0 0.573544 0.318917 0.025630 0.038370
0 0.459224 0.919639 0.216500 0.134296
0 0.258237 0.883065 0.170641 0.200241
0 0.470016 0.332708 0.027656 0.049157
0 0.524984 0.342301 0.029677 0.041972
0 0.521951 0.312324 0.023609 0.034778
0 0.507451 0.278750 0.028328 0.063556
0 0.532406 0.273352 0.013490 0.019185
0 0.553987 0.273352 0.014839 0.019185
0 0.562417 0.293736 0.014167 0.026380
0 0.542859 0.250569 0.010115 0.021583
0 0.531055 0.261366 0.012141 0.016787
0 0.814328 0.379472 0.031021 0.037167
0 0.804547 0.414843 0.058677 0.093519
0 0.600862 0.406444 0.018214 0.062352
0 0.630539 0.928630 0.057328 0.109111
0 0.928648 0.601292 0.060026 0.154676
0 0.732380 0.398653 0.042490 0.063546
0 0.702031 0.341704 0.031698 0.038370
0 0.649760 0.320116 0.026979 0.035972
0 0.660888 0.296736 0.024953 0.037176
0 0.631888 0.273954 0.019557 0.027574
0 0.551964 0.314120 0.010792 0.023981
