0 0.418422 0.525755 0.016187 0.029972
0 0.366148 0.618079 0.030349 0.053954
0 0.258237 0.250574 0.015516 0.033574
0 0.270375 0.291940 0.015510 0.034769
0 0.288250 0.318917 0.018885 0.028778
0 0.260260 0.137861 0.012813 0.023981
0 0.199557 0.272755 0.014167 0.027583
0 0.246096 0.094097 0.014161 0.027583
0 0.258573 0.092301 0.013490 0.026380
0 0.184383 0.272755 0.014839 0.027583
0 0.145602 0.219398 0.019557 0.040759
0 0.148974 0.246375 0.018208 0.027583
0 0.693602 0.582704 0.028328 0.057556
0 0.691240 0.531750 0.015510 0.037167
0 0.817365 0.751171 0.018208 0.058750
0 0.389081 0.648653 0.045193 0.088731
0 0.355359 0.655847 0.026302 0.035972
0 0.343555 0.592898 0.040464 0.068352
0 0.433932 0.544935 0.024281 0.032370
0 0.334115 0.484389 0.021583 0.028778
0 0.331753 0.446014 0.023609 0.026380
0 0.538138 0.399236 0.019557 0.028750
0 0.186404 0.054532 0.014839 0.029972
0 0.261271 0.057528 0.016187 0.028778
0 0.235305 0.053931 0.019557 0.031176
0 0.412013 0.548532 0.019557 0.034769
0 0.191464 0.583306 0.014167 0.041963
