0 0.747219 0.173236 0.012813 0.027583
0 0.544544 0.631866 0.105214 0.163065
0 0.675727 0.209806 0.018214 0.031167
0 0.829503 0.299134 0.041141 0.065954
0 0.794771 0.309926 0.035073 0.058759
0 0.743846 0.355486 0.046536 0.063546
0 0.598839 0.470597 0.066771 0.104324
0 0.704391 0.817116 0.111958 0.193046
0 0.581638 0.270954 0.033724 0.052759
0 0.546568 0.174435 0.026979 0.037167
0 0.388742 0.246972 0.049911 0.043167
0 0.136159 0.489782 0.243484 0.267380
0 0.953266 0.326713 0.024281 0.046759
0 0.834898 0.356088 0.041141 0.059954
0 0.826133 0.208009 0.022255 0.027574
0 0.815680 0.231986 0.025630 0.034769
0 0.796792 0.199014 0.021583 0.028769
0 0.714172 0.190620 0.015510 0.045556
0 0.665945 0.184028 0.020234 0.034778
0 0.853109 0.194819 0.023604 0.029972
0 0.753289 0.193616 0.012818 0.029972
0 0.775883 0.185227 0.014839 0.034769
