0 0.185393 0.199014 0.020911 0.033565
0 0.216081 0.184630 0.020234 0.038370
0 0.242049 0.190620 0.024953 0.033574
0 0.224174 0.137861 0.012141 0.023981
0 0.243398 0.128269 0.014161 0.028778
0 0.325008 0.167838 0.030349 0.040769
0 0.377953 0.197815 0.047208 0.055148
0 0.589060 0.244579 0.098474 0.100713
0 0.640656 0.215199 0.039792 0.049157
0 0.764755 0.258366 0.049240 0.061157
0 0.749242 0.381870 0.089703 0.104315
0 0.542859 0.207407 0.042490 0.040759
0 0.456190 0.199611 0.041818 0.041963
0 0.209336 0.325514 0.041818 0.070750
0 0.278471 0.330310 0.060026 0.070750
0 0.458888 0.384866 0.079589 0.100713
