0 0.396497 0.308727 0.033047 0.029972
0 0.475076 0.264361 0.028328 0.037167
0 0.520602 0.225991 0.011464 0.025185
0 0.387049 0.285949 0.089724 0.085139
0 0.539487 0.225389 0.022255 0.028778
0 0.618073 0.169639 0.021563 0.034778
0 0.558706 0.213403 0.017536 0.028769
0 0.697310 0.157648 0.008766 0.017981
0 0.720242 0.164843 0.008766 0.022778
0 0.725977 0.188824 0.012141 0.027574
0 0.766104 0.251171 0.027656 0.061157
0 0.740477 0.221792 0.014161 0.026380
0 0.694276 0.197815 0.013490 0.035963
0 0.656167 0.228389 0.019562 0.027574
0 0.634586 0.286546 0.030349 0.052759
0 0.025547 0.613282 0.046542 0.063546
0 0.117948 0.554528 0.076219 0.070741
0 0.207315 0.452611 0.033724 0.034778
0 0.312867 0.372875 0.042495 0.050361
