0 0.432922 0.269759 0.030354 0.047963
0 0.458214 0.694218 0.076885 0.136694
0 0.140206 0.607884 0.065422 0.127102
0 0.198208 0.416639 0.022260 0.053963
0 0.221141 0.321315 0.034396 0.071944
0 0.291622 0.326116 0.033724 0.059954
0 0.344904 0.357889 0.035068 0.061148
0 0.366487 0.295537 0.024276 0.041963
0 0.329729 0.269157 0.022260 0.044370
0 0.289260 0.270954 0.022260 0.038370
0 0.297693 0.236185 0.013490 0.028778
0 0.279143 0.210403 0.022255 0.029972
0 0.283193 0.192421 0.018208 0.029972
0 0.307135 0.198412 0.013490 0.029972
0 0.342883 0.235583 0.014839 0.032370
0 0.332427 0.177435 0.011469 0.028778
0 0.348279 0.188227 0.014839 0.026380
0 0.317924 0.161245 0.009443 0.022787
0 0.333437 0.138463 0.018885 0.032370
0 0.502391 0.353093 0.047885 0.080333
0 0.586698 0.319519 0.041146 0.049167
0 0.509135 0.254167 0.031698 0.047963
0 0.469003 0.217000 0.020234 0.033574
0 0.690565 0.393259 0.060026 0.071944
0 0.733393 0.561727 0.074193 0.116306
