0 0.165565 0.282227 0.036422 0.059954
0 0.109586 0.258245 0.025630 0.035972
0 0.127122 0.201292 0.022932 0.053954
0 0.160844 0.220477 0.020229 0.037176
0 0.177706 0.206685 0.017536 0.028778
0 0.154102 0.197694 0.017536 0.029981
0 0.323052 0.274435 0.033052 0.041963
0 0.195578 0.394338 0.042490 0.058750
0 0.600591 0.807407 0.134891 0.194241
0 0.702099 0.659329 0.099146 0.130694
0 0.825523 0.625153 0.095099 0.124694
0 0.469411 0.423116 0.064073 0.087528
0 0.358461 0.234264 0.025630 0.035972
0 0.362844 0.259449 0.034396 0.040769
0 0.336880 0.255852 0.024281 0.038370
0 0.518646 0.414120 0.055979 0.081537
0 0.583729 0.430310 0.056656 0.063546
0 0.499422 0.318796 0.059354 0.085130
0 0.416802 0.322398 0.019562 0.051556
0 0.427591 0.306810 0.038443 0.049157
0 0.254263 0.305606 0.038453 0.046750
