0 0.726935 0.203833 0.017536 0.052759
0 0.522234 0.595324 0.131521 0.181056
0 0.663536 0.154079 0.021583 0.039565
0 0.570458 0.227819 0.043167 0.050361
0 0.426125 0.374102 0.071490 0.095926
0 0.486487 0.375301 0.078911 0.079139
0 0.738401 0.074940 0.008094 0.022787
0 0.728281 0.075537 0.010792 0.019185
0 0.053823 0.518588 0.051260 0.097120
0 0.717828 0.116907 0.014167 0.027574
0 0.767401 0.089931 0.016188 0.021583
0 0.730979 0.113912 0.010792 0.021583
0 0.753576 0.117505 0.019557 0.035972
0 0.779206 0.175060 0.046536 0.086324
0 0.745818 0.178657 0.018885 0.040759
