0 0.652456 0.114005 0.017536 0.026380
0 0.334448 0.612204 0.053281 0.121111
0 0.366487 0.766880 0.130849 0.229019
0 0.532057 0.593019 0.154427 0.423259
0 0.666286 0.755491 0.115333 0.261389
0 0.700344 0.421556 0.056656 0.123500
0 0.624130 0.400574 0.053958 0.107907
0 0.551964 0.301056 0.111958 0.223019
0 0.425839 0.425153 0.074188 0.116306
0 0.178987 0.412565 0.103870 0.112704
0 0.079378 0.433579 0.158755 0.214694
0 0.161112 0.331625 0.076214 0.097120
0 0.300727 0.241093 0.140964 0.129481
0 0.292297 0.323833 0.063396 0.074333
0 0.331414 0.346014 0.063401 0.077935
0 0.464284 0.199736 0.035068 0.039565
0 0.451805 0.175755 0.033047 0.039565
0 0.511159 0.188343 0.039797 0.055148
0 0.499693 0.147579 0.023604 0.031176
0 0.535102 0.164963 0.026974 0.029981
0 0.522289 0.134986 0.020234 0.025176
0 0.525659 0.117000 0.022932 0.034778
0 0.712823 0.295060 0.038448 0.093528
0 0.724625 0.231509 0.029677 0.057556
0 0.678424 0.167356 0.037099 0.087528
0 0.726648 0.173352 0.025630 0.056352
0 0.726310 0.129588 0.030349 0.059954
0 0.625479 0.164361 0.026979 0.052759
0 0.650096 0.147579 0.008766 0.031176
0 0.602211 0.111005 0.015516 0.032380
0 0.640656 0.129588 0.015510 0.031176
0 0.701018 0.106810 0.017536 0.035972
0 0.680784 0.100815 0.012141 0.023981
