0 0.674378 0.145657 0.015516 0.027574
0 0.501380 0.875875 0.152427 0.231417
0 0.596815 0.399255 0.068120 0.105509
0 0.593104 0.251773 0.024281 0.074343
0 0.610979 0.191819 0.031698 0.045565
0 0.657177 0.130671 0.026979 0.055157
0 0.650435 0.188819 0.033724 0.044361
0 0.780607 0.089301 0.012141 0.022787
0 0.763742 0.085102 0.012141 0.023981
0 0.775872 0.103704 0.014818 0.032407
0 0.917521 0.145060 0.022927 0.035972
0 0.301070 0.423824 0.152443 0.207463
0 0.762732 0.203810 0.029005 0.062343
0 0.741148 0.154051 0.030349 0.044361
0 0.738115 0.097694 0.012135 0.022778
0 0.709786 0.181630 0.029677 0.046759
0 0.723951 0.122875 0.017536 0.022787
0 0.688878 0.128870 0.017536 0.032370
