0 0.029422 0.415611 0.056656 0.143889
0 0.744078 0.086116 0.027521 0.040287
0 0.784544 0.122083 0.022661 0.043167
0 0.717370 0.175324 0.022667 0.057556
0 0.646552 0.162370 0.021854 0.043167
0 0.621461 0.143671 0.020234 0.040287
0 0.518674 0.120648 0.029943 0.060426
0 0.559547 0.147269 0.050177 0.105037
0 0.579779 0.208417 0.027516 0.037407
0 0.561974 0.199782 0.043708 0.063306
0 0.504914 0.205542 0.033182 0.046046
0 0.597182 0.291870 0.055844 0.074815
0 0.552263 0.596907 0.089026 0.149648
0 0.274247 0.914894 0.127068 0.146769
0 0.321193 0.317051 0.055844 0.087769
0 0.158107 0.395468 0.126255 0.175546
0 0.267776 0.417769 0.072031 0.082019
0 0.471326 0.256620 0.035609 0.047481
