0 0.651445 0.168440 0.027651 0.061157
0 0.469341 0.215204 0.026307 0.065944
0 0.502055 0.201412 0.014839 0.038361
0 0.519253 0.215204 0.034401 0.094722
0 0.759023 0.661241 0.086328 0.171463
0 0.723951 0.248176 0.037766 0.071944
0 0.773859 0.267958 0.035073 0.085139
0 0.641667 0.218801 0.028323 0.044361
0 0.674719 0.202593 0.044521 0.086296
0 0.459898 0.136667 0.030349 0.067148
0 0.430898 0.173236 0.024953 0.046769
0 0.428536 0.146856 0.018885 0.037176
0 0.432247 0.097093 0.027651 0.047963
0 0.448435 0.087500 0.011464 0.023981
0 0.486542 0.128884 0.016188 0.030009
0 0.618398 0.176236 0.022255 0.031176
0 0.610643 0.134264 0.025630 0.040769
0 0.614687 0.162444 0.018885 0.027574
