0 0.328042 0.240500 0.032375 0.053963
0 0.273073 0.190741 0.022260 0.038370
0 0.236990 0.187745 0.024281 0.063546
0 0.281167 0.166759 0.022260 0.033574
0 0.309833 0.182949 0.013490 0.034769
0 0.321635 0.187144 0.018208 0.033565
0 0.330068 0.172759 0.018885 0.023981
0 0.337823 0.152972 0.015510 0.025185
0 0.331414 0.137384 0.014839 0.022787
0 0.539148 0.177551 0.018880 0.026380
0 0.559719 0.159565 0.014167 0.023981
0 0.568490 0.167958 0.012812 0.021583
0 0.574893 0.203329 0.012141 0.025176
0 0.544552 0.148778 0.012125 0.023981
0 0.453831 0.622995 0.122078 0.209824
0 0.498682 0.437741 0.026979 0.095926
0 0.566802 0.459926 0.084979 0.116315
0 0.658865 0.660764 0.066771 0.163065
0 0.779596 0.941292 0.097797 0.117417
0 0.708776 0.259685 0.023604 0.041963
0 0.828828 0.241699 0.047885 0.073139
0 0.806573 0.267481 0.039792 0.047963
0 0.922242 0.390380 0.043161 0.070741
0 0.740474 0.220713 0.015510 0.047963
0 0.749242 0.206329 0.016859 0.031176
0 0.702706 0.172157 0.011464 0.032370
0 0.713159 0.163162 0.017536 0.031176
0 0.687529 0.168560 0.012141 0.037176
0 0.671005 0.155968 0.015510 0.026380
0 0.593107 0.253093 0.017536 0.038370
0 0.566125 0.240500 0.013490 0.037167
0 0.543195 0.216519 0.018880 0.032370
0 0.404258 0.269278 0.047214 0.065944
