0 0.081526 0.558727 0.093750 0.131898
0 0.026560 0.688819 0.033724 0.121102
0 0.319273 0.321315 0.052609 0.067148
0 0.330404 0.255968 0.092401 0.106713
0 0.399198 0.271556 0.039792 0.058759
0 0.445060 0.275755 0.041141 0.055157
0 0.491260 0.281750 0.040469 0.052759
0 0.469005 0.220597 0.040469 0.052750
0 0.550951 0.155250 0.051932 0.118704
0 0.588047 0.177435 0.020906 0.057556
0 0.608281 0.197213 0.024958 0.056352
0 0.658529 0.263759 0.036422 0.071944
0 0.718893 0.223597 0.030349 0.077935
0 0.675391 0.134866 0.029677 0.044361
0 0.777909 0.100690 0.025630 0.035972
0 0.801513 0.082704 0.009443 0.033574
0 0.161451 0.407046 0.070141 0.099519
0 0.275773 0.399255 0.030349 0.076731
0 0.340857 0.397458 0.053953 0.073139
