0 0.633576 0.192421 0.012141 0.027583
0 0.459227 0.422634 0.051932 0.125898
0 0.512846 0.495778 0.055307 0.104315
0 0.502391 0.920833 0.138260 0.153481
0 0.585688 0.265560 0.024281 0.046769
0 0.618737 0.187023 0.014839 0.026380
0 0.624805 0.177431 0.012141 0.021583
0 0.600862 0.167241 0.026307 0.039574
0 0.633237 0.159444 0.010120 0.019185
0 0.638630 0.150454 0.010115 0.017981
0 0.644365 0.146856 0.008094 0.017991
0 0.649758 0.141463 0.009443 0.019185
0 0.660214 0.137264 0.014167 0.017991
0 0.128076 0.450810 0.074891 0.064750
0 0.156729 0.522755 0.076885 0.086324
0 0.313542 0.315319 0.041146 0.050361
0 0.337823 0.272157 0.039792 0.038370
0 0.375253 0.267361 0.039120 0.038370
0 0.430560 0.228991 0.031026 0.050352
