0 0.338836 0.470597 0.020234 0.046769
0 0.384698 0.717597 0.029677 0.044361
0 0.403919 0.779352 0.023609 0.052759
0 0.193487 0.575509 0.014161 0.052759
0 0.193487 0.531148 0.012818 0.040759
0 0.184719 0.536546 0.014167 0.037167
0 0.221141 0.486787 0.030354 0.043167
0 0.213383 0.392060 0.014839 0.045565
0 0.170557 0.178630 0.012812 0.028778
0 0.191464 0.125273 0.007417 0.029972
0 0.140206 0.225394 0.016859 0.038361
0 0.123344 0.269157 0.015510 0.041963
0 0.249469 0.092898 0.012812 0.032370
0 0.258576 0.102491 0.009443 0.034778
0 0.245758 0.167838 0.014839 0.031176
0 0.243737 0.265560 0.020234 0.025176
0 0.252503 0.297935 0.012141 0.025185
0 0.266331 0.312324 0.011464 0.015593
0 0.341195 0.339903 0.024953 0.029972
0 0.322984 0.331509 0.019562 0.034778
0 0.437643 0.368079 0.022255 0.031176
0 0.473388 0.385468 0.026307 0.034769
0 0.507451 0.398056 0.028328 0.033574
0 0.542185 0.411241 0.022255 0.038370
0 0.576919 0.435227 0.028328 0.040769
0 0.630201 0.484384 0.017536 0.035972
0 0.638969 0.504773 0.013490 0.035972
0 0.655831 0.546139 0.017536 0.056352
0 0.673029 0.565319 0.016859 0.032380
0 0.688878 0.591102 0.017536 0.033574
0 0.707089 0.631866 0.013490 0.035972
0 0.841307 0.877069 0.026979 0.053954
0 0.854458 0.907644 0.016865 0.055157
0 0.870646 0.935227 0.024958 0.059954
0 0.672690 0.940019 0.033724 0.047963
0 0.704393 0.930426 0.033724 0.062352
0 0.689891 0.884264 0.026302 0.068343
0 0.668307 0.856685 0.026302 0.056352
0 0.659878 0.832106 0.025630 0.050361
0 0.647398 0.814125 0.019557 0.050361
0 0.638969 0.799731 0.016187 0.043167
0 0.628177 0.778153 0.016188 0.045565
0 0.603560 0.791940 0.022255 0.056361
0 0.613341 0.827315 0.022932 0.057556
0 0.629190 0.851889 0.023609 0.051556
0 0.641667 0.871079 0.021583 0.049157
0 0.649422 0.898056 0.020906 0.059944
0 0.658190 0.916639 0.019557 0.061148
0 0.589060 0.774556 0.012141 0.033574
0 0.599852 0.728991 0.017536 0.038370
0 0.563091 0.731384 0.019557 0.040769
0 0.572872 0.694218 0.014839 0.033565
0 0.554323 0.714602 0.020906 0.045556
0 0.548930 0.696616 0.014161 0.040769
0 0.427865 0.538343 0.029677 0.043167
0 0.369523 0.517963 0.022255 0.038370
0 0.342544 0.394454 0.022255 0.033574
0 0.367836 0.346495 0.018880 0.031176
0 0.387396 0.356690 0.021583 0.032380
0 0.256888 0.230787 0.007422 0.022778
0 0.270375 0.284148 0.015510 0.028778
