0 0.744521 0.184625 0.026302 0.040769
0 0.272062 0.410644 0.028323 0.063546
0 0.163474 0.513764 0.028323 0.087528
0 0.334451 0.384866 0.022255 0.057546
0 0.646388 0.348894 0.045859 0.081528
0 0.720242 0.228991 0.026307 0.052759
0 0.732383 0.323116 0.022255 0.063546
0 0.714172 0.176236 0.024958 0.040769
0 0.938766 0.056926 0.014167 0.029981
0 0.825458 0.097694 0.015510 0.029981
0 0.834898 0.112685 0.014161 0.028778
0 0.923591 0.267356 0.033724 0.083935
0 0.853109 0.092898 0.014167 0.029981
0 0.824445 0.138463 0.013484 0.039574
0 0.768128 0.134269 0.022255 0.043167
