0 0.662576 0.188824 0.014839 0.029981
0 0.952591 0.296139 0.020234 0.038370
0 0.971141 0.321917 0.019562 0.034778
0 0.862552 0.191222 0.012813 0.025185
0 0.763406 0.152852 0.024958 0.025185
0 0.774198 0.169037 0.012812 0.023981
0 0.714508 0.163023 0.014839 0.019139
0 0.799154 0.185208 0.016859 0.027620
0 0.896951 0.233185 0.016859 0.032370
0 0.866263 0.214602 0.017536 0.031167
0 0.898974 0.259565 0.019562 0.037167
0 0.760370 0.169037 0.010792 0.019185
0 0.781953 0.190023 0.013490 0.022787
0 0.765094 0.193023 0.013490 0.026380
0 0.748232 0.194819 0.012141 0.020380
0 0.670669 0.163046 0.012141 0.023981
0 0.694612 0.196019 0.015516 0.022778
0 0.698323 0.172037 0.016187 0.029981
0 0.680112 0.181032 0.012141 0.026380
0 0.656167 0.223593 0.015510 0.029981
0 0.644026 0.206208 0.012812 0.021583
0 0.753964 0.224792 0.015510 0.034769
0 0.769477 0.220000 0.011464 0.027574
0 0.817701 0.222995 0.024276 0.055157
0 0.795107 0.225394 0.026307 0.064750
0 0.804549 0.263759 0.019557 0.033574
0 0.841643 0.247574 0.020911 0.039574
0 0.872333 0.316519 0.029677 0.057556
0 0.828828 0.338106 0.029000 0.050361
0 0.837260 0.304528 0.024281 0.043167
0 0.820398 0.287745 0.018880 0.035972
0 0.739464 0.260764 0.018885 0.041972
0 0.711474 0.213403 0.019562 0.035972
0 0.700682 0.211602 0.008771 0.027574
0 0.695625 0.219995 0.005396 0.022787
0 0.705740 0.234986 0.016187 0.031176
0 0.685844 0.214602 0.011469 0.026370
0 0.675727 0.223593 0.016859 0.027574
0 0.665948 0.241579 0.021583 0.029972
0 0.659203 0.272755 0.016187 0.039565
0 0.633573 0.302130 0.032375 0.043167
0 0.618398 0.234981 0.020911 0.043167
0 0.577594 0.263764 0.029677 0.035972
0 0.540836 0.297333 0.046536 0.071944
0 0.263969 0.276352 0.041813 0.044370
0 0.407966 0.378273 0.047891 0.058750
0 0.548591 0.348292 0.016182 0.058750
0 0.608594 0.537741 0.033750 0.094722
0 0.653469 0.491579 0.023604 0.069546
0 0.651784 0.393856 0.052609 0.073139
0 0.780943 0.362083 0.031698 0.081537
0 0.821073 0.399255 0.035073 0.083935
0 0.761047 0.499370 0.051260 0.118704
0 0.837260 0.619278 0.068792 0.130704
0 0.649760 0.896255 0.121406 0.207435
0 0.425828 0.690019 0.098448 0.147481
