0 0.525607 0.151079 0.019557 0.026380
0 0.553935 0.155875 0.015516 0.031176
0 0.533026 0.175060 0.012813 0.028769
0 0.029542 0.565347 0.055302 0.116306
0 0.410948 0.271583 0.029000 0.039574
0 0.271674 0.397481 0.049911 0.053963
0 0.633857 0.128898 0.006745 0.015593
0 0.628461 0.149282 0.012141 0.025176
0 0.639927 0.169667 0.016188 0.022778
0 0.628799 0.190644 0.018214 0.035972
0 0.634195 0.222421 0.016859 0.029972
0 0.563378 0.216426 0.024953 0.027574
0 0.508409 0.360310 0.047214 0.068343
0 0.564388 0.398681 0.017536 0.058750
0 0.462544 0.743403 0.089026 0.187046
0 0.460185 0.556954 0.065422 0.118704
0 0.501664 0.174458 0.022932 0.032380
0 0.437589 0.226019 0.045865 0.046759
