0 0.416396 0.095296 0.016187 0.029981
0 0.398523 0.105491 0.015516 0.028778
0 0.412687 0.123477 0.019562 0.031176
0 0.440003 0.113880 0.020234 0.038370
0 0.389755 0.072514 0.010115 0.022787
0 0.374242 0.078509 0.016859 0.022778
0 0.358055 0.079111 0.014161 0.019185
0 0.332766 0.086306 0.016188 0.028778
0 0.288589 0.085704 0.061375 0.063556
0 0.335799 0.058125 0.047891 0.029972
0 0.480133 0.212204 0.031703 0.055148
0 0.347602 0.362083 0.051255 0.112704
0 0.043083 0.506565 0.058677 0.085130
0 0.297693 0.130667 0.016188 0.028778
0 0.077818 0.525755 0.026979 0.068343
0 0.076130 0.627671 0.066771 0.125898
0 0.522286 0.347097 0.063396 0.101917
0 0.660888 0.354889 0.076214 0.100722
0 0.533753 0.207407 0.037766 0.064741
0 0.666284 0.456810 0.108589 0.172657
0 0.349964 0.112083 0.010115 0.025185
0 0.759359 0.812926 0.176031 0.280574
0 0.937081 0.684625 0.118703 0.211028
0 0.444388 0.164843 0.024953 0.037167
0 0.476760 0.154051 0.031698 0.032380
0 0.400547 0.153454 0.023604 0.043167
0 0.355357 0.175634 0.030349 0.049157
0 0.323659 0.162444 0.018214 0.034778
0 0.276784 0.173833 0.022932 0.033574
0 0.246096 0.190023 0.022255 0.034769
0 0.174266 0.227787 0.028323 0.033574
0 0.103448 0.276356 0.079583 0.087528
0 0.198547 0.197213 0.013490 0.032370
0 0.233956 0.157046 0.019557 0.023981
0 0.253852 0.137861 0.012141 0.023981
0 0.278807 0.134866 0.013490 0.032380
0 0.290948 0.145060 0.013490 0.026380
0 0.373568 0.111481 0.015510 0.023981
