0 0.527411 0.339782 0.074865 0.095917
0 0.731776 0.460884 0.066771 0.083935
0 0.240768 0.387144 0.038443 0.058750
0 0.337214 0.495060 0.055979 0.077935
0 0.316643 0.348176 0.036422 0.047963
0 0.220872 0.308606 0.031026 0.052750
0 0.201984 0.221676 0.032375 0.053963
0 0.245154 0.216880 0.020234 0.032370
0 0.222893 0.171315 0.017536 0.034778
0 0.196927 0.157523 0.015510 0.026380
0 0.179729 0.173713 0.016187 0.027574
0 0.441419 0.573597 0.060703 0.088731
0 0.302818 0.607167 0.054635 0.103111
0 0.151401 0.629352 0.055302 0.113907
