0 0.290560 0.205037 0.014839 0.019185
0 0.376552 0.220023 0.029000 0.046769
0 0.447034 0.248204 0.031026 0.033574
0 0.464568 0.263792 0.032375 0.035972
0 0.490536 0.257792 0.037094 0.045565
0 0.553260 0.252398 0.034396 0.022778
0 0.378237 0.325542 0.044516 0.097120
0 0.234253 0.527579 0.062745 0.093528
0 0.428823 0.385495 0.076885 0.111509
0 0.502677 0.409472 0.064073 0.049167
0 0.405555 0.305755 0.024953 0.040769
0 0.422078 0.296764 0.026979 0.046769
0 0.325292 0.278778 0.039792 0.073148
0 0.590018 0.429255 0.062047 0.064750
0 0.553935 0.308755 0.042495 0.037176
0 0.172865 0.163667 0.011469 0.037167
0 0.152294 0.187648 0.020234 0.037167
0 0.156003 0.217625 0.016859 0.020380
0 0.195120 0.261991 0.029000 0.046759
0 0.287521 0.245204 0.029000 0.037167
0 0.506721 0.468824 0.073516 0.117500
0 0.630148 0.624097 0.101839 0.111509
0 0.904315 0.811153 0.126797 0.169065
0 0.961310 0.766787 0.076214 0.137889
0 0.851034 0.441250 0.070141 0.081537
0 0.844289 0.381894 0.070141 0.063546
0 0.958948 0.431653 0.079583 0.083935
0 0.859128 0.336329 0.041818 0.049157
0 0.568771 0.284773 0.053281 0.049157
0 0.621380 0.289569 0.043844 0.044361
0 0.701979 0.295565 0.043167 0.041963
0 0.806521 0.308153 0.032375 0.035972
0 0.792018 0.285972 0.022255 0.025185
0 0.834172 0.285375 0.026979 0.026380
0 0.904990 0.293764 0.035073 0.035972
0 0.179945 0.187648 0.009443 0.010796
0 0.195797 0.205634 0.015510 0.029972
0 0.214344 0.222421 0.020229 0.037176
0 0.226820 0.220023 0.012818 0.025176
0 0.236602 0.218227 0.014839 0.021583
0 0.237948 0.233810 0.016187 0.035972
0 0.259534 0.224222 0.020234 0.028778
