0 0.477435 0.470000 0.078911 0.124704
0 0.563766 0.913046 0.085656 0.104315
0 0.202591 0.186426 0.028328 0.039574
0 0.071076 0.129472 0.012141 0.019185
0 0.085911 0.147458 0.017531 0.021583
0 0.166846 0.229588 0.028328 0.044361
0 0.120307 0.184625 0.016188 0.035972
0 0.130427 0.169037 0.013490 0.038370
0 0.116263 0.146259 0.014839 0.028778
0 0.106482 0.157648 0.015516 0.032370
0 0.096701 0.181028 0.028328 0.064741
0 0.084563 0.260764 0.031021 0.085139
0 0.143240 0.314718 0.056656 0.130694
0 0.211023 0.378273 0.051932 0.077935
0 0.210013 0.302731 0.044516 0.056352
0 0.255875 0.224194 0.036417 0.050352
0 0.360417 0.274551 0.029677 0.040769
0 0.401560 0.315921 0.052609 0.073139
0 0.453154 0.342296 0.049234 0.075537
0 0.338497 0.496977 0.070818 0.111509
