0 0.665273 0.322639 0.022932 0.047963
0 0.595802 0.287264 0.037771 0.063546
0 0.535440 0.284269 0.041141 0.067148
0 0.508125 0.325032 0.048563 0.071935
0 0.421456 0.226111 0.030349 0.049167
0 0.496995 0.162569 0.018208 0.020398
0 0.475073 0.174551 0.018885 0.034769
0 0.373232 0.088222 0.051255 0.058759
0 0.442026 0.105009 0.048562 0.051556
0 0.445398 0.179352 0.021578 0.032370
0 0.414036 0.190741 0.022260 0.033574
0 0.390430 0.137384 0.016859 0.044361
0 0.337487 0.179949 0.020234 0.023972
0 0.325008 0.203931 0.022255 0.045565
0 0.304437 0.197935 0.021583 0.026370
0 0.299378 0.239898 0.027651 0.043167
0 0.113904 0.488102 0.078911 0.105519
0 0.274422 0.302852 0.037094 0.053963
0 0.440005 0.139181 0.010792 0.016787
0 0.567474 0.197338 0.024281 0.034769
0 0.513182 0.193736 0.019563 0.039565
0 0.449445 0.148773 0.018880 0.021583
0 0.475747 0.149375 0.014839 0.015583
0 0.709448 0.540264 0.088354 0.121102
0 0.733729 0.941894 0.213802 0.116213
0 0.392792 0.215319 0.029677 0.058750
0 0.972826 0.540259 0.044516 0.133093
0 0.717531 0.429352 0.077542 0.115111
