0 0.315229 0.377074 0.045865 0.070741
0 0.335799 0.578514 0.038443 0.101917
0 0.259247 0.730787 0.093078 0.209833
0 0.234966 0.339898 0.036422 0.061148
0 0.254190 0.272153 0.023609 0.035972
0 0.277122 0.239181 0.024953 0.037176
0 0.287237 0.203208 0.030349 0.049157
0 0.318599 0.246977 0.032375 0.040769
0 0.168870 0.217602 0.020229 0.037167
0 0.202591 0.212204 0.017536 0.019185
0 0.168195 0.189421 0.013484 0.026380
0 0.182357 0.180431 0.012141 0.020380
0 0.251492 0.193019 0.016859 0.028778
0 0.244073 0.215199 0.016865 0.029972
0 0.201581 0.198412 0.015516 0.020380
0 0.061630 0.273356 0.021583 0.031176
