0 0.648359 0.238606 0.018208 0.035972
0 0.261219 0.464028 0.088354 0.095926
0 0.678711 0.244602 0.033047 0.052759
0 0.713107 0.217028 0.016859 0.043167
0 0.880036 0.336931 0.035073 0.081528
0 0.673987 0.169065 0.008766 0.014389
0 0.627451 0.223620 0.024953 0.061148
0 0.598109 0.278181 0.032375 0.059954
0 0.676010 0.211032 0.012812 0.026380
0 0.595078 0.344727 0.037094 0.068343
0 0.449393 0.348324 0.047891 0.065944
0 0.148583 0.612106 0.118031 0.111509
0 0.670617 0.190648 0.014161 0.028778
0 0.106766 0.531176 0.107240 0.091130
0 0.637229 0.313546 0.040469 0.056352
0 0.463219 0.463431 0.075542 0.068343
