0 0.332089 0.056329 0.008094 0.011991
0 0.334115 0.062921 0.008094 0.010787
0 0.342206 0.079708 0.012141 0.022787
0 0.369521 0.055130 0.011469 0.019185
0 0.380987 0.061722 0.008766 0.013185
0 0.371206 0.069514 0.006745 0.016787
0 0.281503 0.078509 0.012141 0.015593
0 0.274086 0.066519 0.006745 0.013185
0 0.265654 0.064120 0.008766 0.010796
0 0.399198 0.080907 0.014167 0.029981
0 0.427526 0.104889 0.019562 0.034778
0 0.443714 0.116880 0.023604 0.034778
0 0.987667 0.763162 0.024281 0.109120
0 0.502727 0.172037 0.033724 0.056352
0 0.699333 0.369278 0.096448 0.141481
0 0.356706 0.244579 0.057328 0.167861
0 0.317927 0.194218 0.026979 0.038361
0 0.197872 0.206208 0.035068 0.064750
0 0.189104 0.281148 0.041813 0.046759
0 0.114237 0.411843 0.055307 0.085130
0 0.217432 0.754171 0.089031 0.273380
0 0.328042 0.096495 0.008094 0.020380
0 0.331753 0.104889 0.011464 0.017981
0 0.322984 0.161245 0.019562 0.029972
0 0.295331 0.125273 0.014161 0.025176
0 0.277458 0.130667 0.008094 0.023981
0 0.283526 0.110287 0.010792 0.014389
0 0.298703 0.107287 0.012812 0.020389
0 0.278130 0.094699 0.010792 0.016787
0 0.289935 0.089301 0.006068 0.010787
0 0.291620 0.073713 0.008094 0.010796
0 0.298703 0.073116 0.006073 0.011991
0 0.321974 0.064120 0.008094 0.013185
0 0.325344 0.070713 0.005396 0.009593
0 0.338497 0.056324 0.006068 0.009593
