0 0.263698 0.151051 0.016188 0.031176
0 0.259315 0.118079 0.020911 0.034769
0 0.318331 0.080907 0.012141 0.034778
0 0.332156 0.088102 0.014167 0.025185
0 0.339237 0.112083 0.014839 0.025185
0 0.355763 0.120477 0.007422 0.022787
0 0.336542 0.128870 0.018885 0.027574
0 0.341263 0.148657 0.020234 0.038370
0 0.362172 0.148657 0.013490 0.023981
0 0.263023 0.306931 0.039120 0.069546
0 0.760776 0.744579 0.109260 0.179861
0 0.562823 0.545537 0.085656 0.155870
0 0.463003 0.296134 0.014161 0.045565
0 0.440070 0.234986 0.026307 0.031176
0 0.413094 0.253569 0.031698 0.044361
0 0.318331 0.056926 0.006745 0.013185
0 0.331146 0.069514 0.008094 0.016787
0 0.437034 0.135463 0.017536 0.023981
0 0.388810 0.159449 0.019557 0.021583
0 0.258979 0.226593 0.026979 0.040759
