0 0.103786 0.500574 0.099146 0.113907
0 0.770490 0.158250 0.029677 0.067148
0 0.737104 0.164241 0.026302 0.038370
0 0.706078 0.163046 0.027656 0.033574
0 0.680784 0.182829 0.025630 0.039565
0 0.694612 0.210403 0.030349 0.044361
0 0.692589 0.258366 0.035750 0.061157
0 0.711810 0.350690 0.060703 0.135491
0 0.658865 0.330912 0.047885 0.079139
0 0.631888 0.234384 0.033047 0.037176
0 0.553648 0.228991 0.033047 0.047963
0 0.525323 0.197218 0.029000 0.029972
0 0.484854 0.190620 0.030354 0.035963
0 0.330404 0.337505 0.051932 0.063546
0 0.744523 0.126472 0.019557 0.027574
0 0.668646 0.063523 0.037771 0.059954
0 0.567477 0.178032 0.022932 0.039565
0 0.563427 0.142060 0.021583 0.029972
0 0.151333 0.572519 0.089031 0.113907
0 0.495307 0.366278 0.053958 0.089926
0 0.564104 0.357884 0.052604 0.092324
0 0.534427 0.465801 0.066094 0.140287
0 0.539823 0.598296 0.078240 0.139093
0 0.418755 0.608486 0.080260 0.164269
0 0.809609 0.051532 0.018885 0.021583
0 0.650099 0.092296 0.020906 0.028778
0 0.689216 0.121676 0.033047 0.037167
0 0.657516 0.138463 0.024958 0.029981
0 0.632221 0.154653 0.022932 0.031176
0 0.791734 0.088704 0.024958 0.033574
0 0.745195 0.143856 0.007422 0.021583
