0 0.404203 0.205875 0.026979 0.044361
0 0.413984 0.284412 0.023604 0.040769
0 0.400831 0.326375 0.033724 0.040769
0 0.058542 0.401921 0.034396 0.059954
0 0.347888 0.244847 0.019557 0.026380
0 0.363737 0.239449 0.020234 0.032380
0 0.308768 0.226856 0.031703 0.064750
0 0.298987 0.258037 0.025630 0.047963
0 0.288534 0.366546 0.033047 0.046759
0 0.348562 0.268227 0.015510 0.037176
0 0.012341 0.329375 0.017536 0.037176
0 0.367781 0.369542 0.037771 0.045565
0 0.202542 0.225662 0.016188 0.031176
0 0.202203 0.255634 0.020906 0.035972
