0 0.938427 0.390259 0.016187 0.029981
0 0.844680 0.468199 0.020234 0.039565
0 0.862214 0.437023 0.021583 0.046769
0 0.932359 0.546736 0.020229 0.043157
0 0.907740 0.534144 0.020906 0.044361
0 0.910776 0.495778 0.018885 0.037167
0 0.930674 0.475394 0.016859 0.039565
0 0.942474 0.512565 0.024281 0.044370
0 0.968779 0.525153 0.012141 0.031176
0 0.972826 0.552731 0.020234 0.043167
0 0.985643 0.580310 0.025630 0.067139
0 0.938430 0.585106 0.022932 0.050361
0 0.460573 0.448412 0.042490 0.055157
0 0.378628 0.679231 0.078234 0.118704
0 0.512172 0.812319 0.078240 0.140287
0 0.646727 0.456208 0.038443 0.061157
0 0.619073 0.381269 0.018208 0.033574
0 0.748906 0.401051 0.021583 0.034769
0 0.747893 0.374676 0.018214 0.032370
0 0.738115 0.368079 0.021583 0.033565
0 0.745870 0.353093 0.018208 0.029981
0 0.768466 0.351296 0.014839 0.023981
0 0.910438 0.589903 0.022260 0.050361
0 0.784990 0.360287 0.012812 0.025185
