0 0.439357 0.681079 0.049370 0.096398
0 0.441380 0.583954 0.017802 0.028778
0 0.276677 0.206241 0.021854 0.038815
0 0.228117 0.534315 0.025089 0.053241
0 0.219625 0.468153 0.024292 0.070546
0 0.185625 0.313454 0.025896 0.031648
0 0.209500 0.304102 0.018615 0.033093
0 0.245922 0.256616 0.013760 0.021583
0 0.295695 0.326403 0.014568 0.028769
0 0.337781 0.341509 0.024281 0.033093
0 0.364089 0.345829 0.013760 0.024454
0 0.383107 0.352306 0.027516 0.028778
0 0.474969 0.387551 0.029948 0.050361
0 0.447451 0.375324 0.023474 0.043167
0 0.418312 0.361657 0.029948 0.038852
0 0.519482 0.402662 0.015380 0.023028
0 0.543766 0.413454 0.018615 0.027333
0 0.565211 0.412736 0.025901 0.046046
0 0.610130 0.455898 0.018615 0.034537
0 0.628341 0.491153 0.022661 0.053231
0 0.642505 0.508417 0.015375 0.030222
0 0.662336 0.532157 0.014568 0.043167
0 0.700375 0.609139 0.021042 0.038852
0 0.715346 0.638630 0.028328 0.057556
0 0.877622 0.940792 0.022661 0.057546
0 0.862648 0.917051 0.028328 0.070509
0 0.651409 0.817769 0.025089 0.053241
0 0.673260 0.865250 0.018615 0.061870
0 0.685401 0.889713 0.018615 0.050352
0 0.699562 0.911296 0.024281 0.053241
0 0.671641 0.947269 0.021854 0.061870
0 0.662737 0.915611 0.028328 0.059000
0 0.646956 0.883958 0.019422 0.058991
0 0.633198 0.865250 0.016187 0.047481
0 0.623484 0.838634 0.021042 0.046046
0 0.623081 0.778921 0.016995 0.047491
0 0.597992 0.804102 0.020234 0.037407
0 0.599206 0.742231 0.014568 0.057556
0 0.587875 0.730722 0.016187 0.037407
0 0.580589 0.706259 0.021042 0.057556
0 0.413458 0.836477 0.034802 0.064750
0 0.390391 0.543671 0.035615 0.069065
0 0.411841 0.542954 0.020234 0.033093
0 0.353971 0.530722 0.009714 0.037407
0 0.332117 0.466690 0.030755 0.053231
0 0.338187 0.608417 0.025094 0.031648
0 0.361255 0.544389 0.012948 0.024463
0 0.384727 0.598343 0.021047 0.028778
0 0.358826 0.599787 0.019422 0.028778
0 0.366112 0.676764 0.025901 0.053231
0 0.432477 0.546546 0.017807 0.034537
0 0.454737 0.571727 0.020234 0.033102
0 0.131398 0.235037 0.014568 0.041722
0 0.150823 0.241509 0.019427 0.023019
0 0.266156 0.202662 0.010521 0.031657
0 0.282344 0.147986 0.015375 0.023028
0 0.205859 0.053745 0.011333 0.035972
0 0.263323 0.068847 0.017802 0.034528
