0 0.469628 0.092926 0.011464 0.017981
0 0.485141 0.081537 0.016865 0.033574
0 0.497279 0.081532 0.011464 0.021583
0 0.470977 0.077338 0.004724 0.008398
0 0.480755 0.106116 0.014833 0.025176
0 0.486487 0.044366 0.008766 0.026380
0 0.494242 0.045565 0.009443 0.019185
0 0.355979 0.260792 0.048563 0.092324
0 0.429497 0.210431 0.025630 0.034769
0 0.464232 0.227819 0.024953 0.055157
0 0.454789 0.170264 0.023609 0.028769
0 0.466930 0.136093 0.015516 0.029981
0 0.482443 0.127088 0.015510 0.028806
0 0.454453 0.125301 0.016188 0.022787
0 0.455128 0.106116 0.020234 0.032380
0 0.350586 0.439449 0.044516 0.087528
0 0.193771 0.872903 0.101844 0.170269
