0 0.649151 0.299134 0.042490 0.068343
0 0.569229 0.735588 0.105219 0.183454
0 0.839013 0.141458 0.009443 0.016787
0 0.851492 0.121676 0.008766 0.015593
0 0.863969 0.136065 0.008094 0.027574
0 0.862956 0.173838 0.016859 0.031176
0 0.847784 0.151056 0.012141 0.028778
0 0.845758 0.170241 0.012141 0.019185
0 0.839352 0.184625 0.014161 0.031176
0 0.723344 0.412444 0.047885 0.071944
0 0.802594 0.358486 0.040469 0.086324
0 0.817094 0.211005 0.020906 0.033565
0 0.581034 0.336903 0.065422 0.074343
0 0.699401 0.274556 0.037771 0.047963
0 0.826536 0.162444 0.010115 0.022778
0 0.792813 0.158245 0.026302 0.031176
