0 0.265992 0.059921 0.009443 0.021583
0 0.254526 0.060523 0.013490 0.025176
0 0.265654 0.073713 0.011464 0.020389
0 0.271388 0.104889 0.016182 0.037167
0 0.289599 0.099491 0.016188 0.019185
0 0.283865 0.131870 0.020906 0.038370
0 0.254526 0.140861 0.029677 0.075537
0 0.266667 0.185824 0.018885 0.038370
0 0.301740 0.181028 0.026979 0.035963
0 0.343893 0.199616 0.042495 0.058750
0 0.271388 0.314718 0.062047 0.154676
0 0.368849 0.373472 0.055979 0.094722
0 0.386721 0.860287 0.153776 0.276981
0 0.512169 0.506569 0.091724 0.159472
