0 0.547917 0.106690 0.010792 0.011991
0 0.279818 0.824324 0.153104 0.272167
0 0.228221 0.366880 0.084984 0.083926
0 0.500367 0.381269 0.078911 0.160667
0 0.568148 0.257167 0.033724 0.063556
0 0.609294 0.288944 0.036422 0.076741
0 0.684156 0.311727 0.018885 0.074343
0 0.628516 0.164843 0.014167 0.034778
0 0.645714 0.170843 0.014833 0.017981
0 0.664935 0.195417 0.016859 0.038370
0 0.617724 0.145657 0.018208 0.029981
0 0.596141 0.168440 0.007417 0.020380
0 0.585688 0.152250 0.010792 0.019185
0 0.586685 0.137264 0.010141 0.020380
0 0.600188 0.144458 0.008771 0.017991
0 0.605245 0.119278 0.013490 0.025185
0 0.593779 0.129468 0.009443 0.016787
0 0.588385 0.118681 0.008094 0.011991
0 0.581638 0.114481 0.006745 0.015593
0 0.591081 0.106690 0.009443 0.016787
0 0.536789 0.094699 0.010120 0.021583
0 0.545219 0.092296 0.008094 0.014389
0 0.530380 0.077310 0.010792 0.020380
0 0.523635 0.082704 0.008094 0.014389
0 0.426177 0.199014 0.037094 0.035972
