0 0.393750 0.193644 0.031021 0.027583
0 0.551237 0.548560 0.128818 0.173861
0 0.212995 0.928060 0.110615 0.127102
0 0.365086 0.237407 0.035745 0.047963
0 0.403529 0.232611 0.043839 0.062352
0 0.441974 0.211630 0.026302 0.032370
0 0.498292 0.232014 0.036417 0.041972
0 0.557307 0.318343 0.051938 0.061148
0 0.559328 0.266190 0.045187 0.045565
0 0.577539 0.252398 0.041141 0.041963
0 0.740086 0.372903 0.176036 0.175065
0 0.753237 0.498801 0.120057 0.134287
0 0.851034 0.414866 0.045859 0.069546
0 0.971763 0.495204 0.044516 0.115111
0 0.173539 0.224222 0.027651 0.052759
0 0.199505 0.221222 0.021583 0.034778
0 0.160049 0.207435 0.024953 0.023981
0 0.120932 0.194843 0.023604 0.029981
0 0.015042 0.251199 0.023604 0.034769
0 0.312141 0.184051 0.021583 0.034769
0 0.325628 0.178056 0.022932 0.032370
0 0.355979 0.182255 0.024281 0.031176
0 0.363737 0.205634 0.033047 0.029972
0 0.277745 0.160671 0.026979 0.028769
