0 0.406682 0.489782 0.008094 0.013194
0 0.444453 0.523356 0.008094 0.010787
0 0.358461 0.482588 0.010120 0.015583
0 0.360484 0.500574 0.014167 0.017981
0 0.370263 0.498176 0.009443 0.017981
0 0.394544 0.526954 0.006745 0.015593
0 0.393534 0.516162 0.006068 0.010787
0 0.386453 0.519162 0.008094 0.011991
0 0.378357 0.509565 0.006745 0.014389
0 0.374313 0.520361 0.008094 0.014389
0 0.363857 0.528139 0.014161 0.034796
0 0.360146 0.542537 0.013490 0.022778
0 0.382404 0.540144 0.014839 0.029972
0 0.414104 0.503574 0.008094 0.019185
0 0.413091 0.514366 0.008766 0.016787
0 0.433661 0.519157 0.008094 0.014389
0 0.378021 0.668440 0.035750 0.053954
0 0.405672 0.645657 0.029000 0.049167
0 0.444453 0.668440 0.029677 0.056361
0 0.418487 0.939417 0.062724 0.101907
0 0.548323 0.646259 0.021583 0.047963
0 0.569906 0.694819 0.026979 0.044361
0 0.655224 0.700833 0.047885 0.061111
0 0.726378 0.755968 0.126797 0.154676
0 0.675120 0.766157 0.047208 0.071944
0 0.797198 0.858486 0.084979 0.105509
0 0.974581 0.925032 0.049911 0.061157
0 0.844073 0.962801 0.072167 0.064750
0 0.431302 0.622278 0.010115 0.028778
0 0.443443 0.613880 0.011469 0.023981
0 0.395219 0.612681 0.017531 0.031176
0 0.391172 0.588699 0.014833 0.026380
0 0.368242 0.615079 0.036422 0.055157
0 0.363518 0.587500 0.028328 0.062352
0 0.391846 0.556329 0.022932 0.043157
0 0.415789 0.559921 0.008766 0.026380
0 0.433664 0.545537 0.014839 0.026370
0 0.445805 0.537741 0.012141 0.017981
