0 0.464232 0.341125 0.038443 0.082731
0 0.342503 0.857912 0.098443 0.193046
0 0.475023 0.847120 0.084307 0.205037
0 0.205576 0.929870 0.107911 0.058778
0 0.370482 0.273384 0.029005 0.040769
0 0.419042 0.252995 0.023604 0.031176
0 0.402180 0.214625 0.016859 0.026380
0 0.541456 0.231412 0.017536 0.031176
0 0.656453 0.242204 0.023604 0.043167
0 0.531339 0.212829 0.021583 0.039565
0 0.533026 0.188245 0.014167 0.021583
0 0.542133 0.173259 0.012141 0.022778
0 0.554609 0.156477 0.011469 0.017991
0 0.565401 0.148681 0.007417 0.021583
0 0.544154 0.148685 0.017536 0.023981
