0 0.704339 0.114148 0.021583 0.038370
0 0.092602 0.455278 0.049911 0.070741
0 0.869583 0.698681 0.040469 0.118713
0 0.625763 0.588972 0.078911 0.194241
0 0.032813 0.835370 0.065625 0.166667
0 0.306745 0.629736 0.116677 0.170269
0 0.334398 0.377940 0.084307 0.107917
0 0.350586 0.446880 0.105891 0.118704
0 0.026505 0.496644 0.051260 0.079139
0 0.012005 0.529019 0.019563 0.067148
0 0.510768 0.279616 0.047214 0.095917
0 0.580576 0.263431 0.046536 0.053954
0 0.669940 0.248444 0.036422 0.076741
0 0.770773 0.187889 0.049234 0.125907
0 0.735365 0.186690 0.032375 0.070750
0 0.708724 0.168704 0.031698 0.053963
0 0.640940 0.169903 0.028328 0.041972
0 0.584286 0.208875 0.043167 0.055157
0 0.673990 0.166306 0.021583 0.039574
0 0.666232 0.139931 0.016859 0.034769
0 0.769763 0.112949 0.014839 0.031176
0 0.793031 0.089569 0.023604 0.044361
0 0.732328 0.118347 0.018208 0.029972
0 0.710747 0.133935 0.015516 0.027574
0 0.684443 0.114750 0.022260 0.041963
0 0.696245 0.130935 0.008094 0.021574
