0 0.607604 0.717000 0.112635 0.155870
0 0.350299 0.121079 0.020234 0.031176
0 0.387732 0.080306 0.010120 0.019185
0 0.451130 0.059324 0.015510 0.013185
0 0.503740 0.070116 0.014167 0.020380
0 0.536451 0.052741 0.014839 0.019167
0 0.802862 0.088102 0.009443 0.015593
0 0.806909 0.079708 0.009443 0.015583
0 0.825794 0.067718 0.012141 0.017991
0 0.766104 0.115681 0.011469 0.017991
0 0.833544 0.300949 0.095109 0.074306
0 0.142904 0.247574 0.010120 0.015593
0 0.112214 0.229588 0.010792 0.015583
0 0.098724 0.220597 0.008094 0.016787
0 0.079167 0.213403 0.009438 0.011991
0 0.079167 0.197218 0.014833 0.029972
0 0.091643 0.206208 0.008766 0.014380
