0 0.304385 0.052755 0.010115 0.016787
0 0.537409 0.291968 0.055307 0.087528
0 0.728620 0.412472 0.088354 0.129500
0 0.749190 0.797963 0.183453 0.324944
0 0.310453 0.581537 0.047885 0.134296
0 0.252112 0.141491 0.020234 0.033574
0 0.283815 0.134296 0.014839 0.028778
0 0.281453 0.085731 0.012813 0.017981
0 0.291570 0.102519 0.008766 0.022778
0 0.308432 0.085731 0.018208 0.022778
0 0.367448 0.088727 0.021583 0.021583
0 0.399820 0.107917 0.021578 0.033574
0 0.385992 0.095926 0.018214 0.033574
0 0.392062 0.072542 0.010115 0.020380
0 0.366773 0.068343 0.014839 0.023981
0 0.327990 0.056356 0.016865 0.021583
0 0.314164 0.056954 0.009443 0.025185
