0 0.397849 0.293736 0.033052 0.045565
0 0.632560 0.401676 0.041141 0.079093
0 0.480807 0.204407 0.012813 0.022778
0 0.550276 0.287144 0.029000 0.053954
0 0.427526 0.629472 0.077562 0.179852
0 0.246771 0.862083 0.101844 0.218222
0 0.165497 0.655847 0.086328 0.105509
0 0.014419 0.733787 0.028328 0.098315
0 0.206977 0.540741 0.080266 0.098315
0 0.194161 0.480190 0.064073 0.065954
0 0.329055 0.380667 0.038443 0.056352
0 0.320286 0.346495 0.037094 0.050361
0 0.354357 0.320116 0.031005 0.055157
0 0.392117 0.341699 0.031026 0.055157
0 0.448096 0.410046 0.047214 0.079130
0 0.502055 0.351292 0.017536 0.050361
0 0.486203 0.336907 0.020906 0.047963
0 0.486878 0.305130 0.019557 0.044370
0 0.498680 0.277551 0.020234 0.032380
0 0.512508 0.245778 0.019557 0.028778
0 0.530380 0.264958 0.018885 0.040769
0 0.435956 0.260764 0.020234 0.034769
0 0.479458 0.227190 0.016865 0.032380
0 0.559044 0.196019 0.014161 0.027574
0 0.581641 0.221796 0.021583 0.040759
0 0.451805 0.855486 0.201661 0.260194
0 0.797128 0.827912 0.122078 0.207435
0 0.414375 0.308727 0.021583 0.037176
