0 0.445060 0.642060 0.033047 0.056361
0 0.319948 0.537745 0.018885 0.034769
0 0.305112 0.528750 0.022932 0.035963
0 0.280492 0.525755 0.026307 0.034769
0 0.288247 0.504171 0.014839 0.032380
0 0.318599 0.499977 0.029677 0.050361
0 0.336474 0.525157 0.014167 0.028778
0 0.349964 0.529949 0.020906 0.035972
0 0.348276 0.556329 0.025625 0.038361
0 0.370534 0.509565 0.017536 0.028778
0 0.360417 0.481403 0.021583 0.056324
0 0.382336 0.493380 0.020911 0.027574
0 0.372893 0.471194 0.015516 0.028778
0 0.339167 0.484986 0.011458 0.025176
0 0.347602 0.484986 0.012141 0.027583
0 0.318937 0.426833 0.011469 0.023981
0 0.311180 0.414241 0.012141 0.020389
0 0.302411 0.404046 0.005396 0.019185
0 0.360753 0.423833 0.016859 0.027574
0 0.384021 0.446616 0.018885 0.027583
0 0.419432 0.469398 0.016865 0.022778
0 0.447758 0.468801 0.019557 0.031176
0 0.401896 0.651056 0.026302 0.047963
0 0.413026 0.689421 0.032375 0.052750
0 0.352323 0.676833 0.035073 0.041963
0 0.349286 0.643861 0.026302 0.038370
0 0.344904 0.618681 0.025630 0.040769
0 0.332427 0.589301 0.023604 0.056361
0 0.298029 0.582708 0.030349 0.079139
0 0.383688 0.583306 0.050583 0.118704
0 0.396836 0.501176 0.017536 0.033574
0 0.403919 0.508968 0.020911 0.029972
0 0.421456 0.525750 0.020911 0.037167
0 0.430224 0.544940 0.023604 0.044361
0 0.442026 0.565319 0.024281 0.037176
0 0.458214 0.577907 0.025625 0.038370
0 0.473724 0.610884 0.029677 0.044361
0 0.467992 0.666639 0.038443 0.057556
0 0.499693 0.630069 0.034396 0.049157
0 0.667294 0.664843 0.049911 0.075537
0 0.643690 0.612083 0.040464 0.051556
0 0.518578 0.661245 0.037094 0.053954
0 0.499354 0.723593 0.043167 0.051556
0 0.433260 0.729593 0.040469 0.070741
0 0.375247 0.757769 0.068776 0.148685
0 0.283526 0.638463 0.026979 0.037167
0 0.295331 0.669042 0.031703 0.045565
0 0.275096 0.701412 0.041141 0.067139
0 0.305112 0.731986 0.033724 0.058750
0 0.302414 0.788944 0.039120 0.071944
0 0.258573 0.763162 0.043167 0.061157
0 0.243063 0.813523 0.051260 0.094731
0 0.268016 0.897454 0.053958 0.128296
0 0.172581 0.985583 0.057328 0.028778
0 0.230247 0.977204 0.060703 0.045593
0 0.392453 0.849495 0.051938 0.082731
0 0.410339 0.942421 0.063385 0.093528
0 0.479797 0.835704 0.070146 0.091130
0 0.527008 0.775153 0.053953 0.070750
0 0.571185 0.774551 0.026307 0.059954
0 0.626828 0.798532 0.058000 0.079139
0 0.718216 0.922639 0.087005 0.109111
0 0.321635 0.567116 0.018208 0.045565
0 0.652794 0.950213 0.084307 0.099519
0 0.583661 0.881866 0.062052 0.092324
0 0.535776 0.931028 0.076885 0.113907
