0 0.273021 0.172301 0.012813 0.029972
0 0.462544 0.377338 0.014161 0.025176
0 0.452763 0.378537 0.017536 0.044370
0 0.432531 0.364148 0.020229 0.032370
0 0.395099 0.355755 0.015510 0.032380
0 0.374865 0.351560 0.019562 0.031176
0 0.353956 0.343764 0.014161 0.025176
0 0.332039 0.339569 0.014839 0.031176
0 0.309779 0.325176 0.014839 0.023981
0 0.261219 0.277222 0.013490 0.023981
0 0.222437 0.467866 0.012813 0.038361
0 0.218391 0.500838 0.016865 0.039565
0 0.192086 0.475662 0.023609 0.044361
0 0.207263 0.417505 0.012141 0.045565
0 0.135432 0.241847 0.015510 0.022787
0 0.143862 0.215468 0.014839 0.034769
0 0.153643 0.228657 0.010120 0.029981
0 0.166120 0.194486 0.010792 0.026380
0 0.172188 0.161509 0.008094 0.025185
0 0.179271 0.178296 0.010115 0.025185
0 0.189388 0.152519 0.010120 0.033574
0 0.261219 0.053597 0.013490 0.029972
0 0.248740 0.057792 0.012813 0.026380
0 0.249417 0.084176 0.012813 0.023981
0 0.251102 0.113551 0.010786 0.022787
0 0.246044 0.126741 0.010120 0.017981
0 0.254474 0.192685 0.014833 0.034778
0 0.289208 0.204676 0.010115 0.027574
0 0.261555 0.222065 0.012818 0.009593
0 0.555620 0.682495 0.015510 0.045565
0 0.545167 0.666306 0.016187 0.039574
0 0.588669 0.713069 0.019557 0.039565
0 0.595414 0.731056 0.018214 0.039574
0 0.608229 0.750838 0.020906 0.045565
0 0.614635 0.762833 0.018885 0.052759
0 0.621380 0.777819 0.020229 0.037176
0 0.634870 0.791009 0.018885 0.046759
0 0.641951 0.805995 0.020911 0.043157
0 0.648695 0.826977 0.022255 0.037176
0 0.665896 0.846764 0.021583 0.035972
0 0.679721 0.865347 0.020911 0.037176
0 0.682758 0.879736 0.022932 0.039565
0 0.705688 0.923505 0.026979 0.040769
0 0.696583 0.909111 0.027656 0.047963
0 0.656115 0.919306 0.027656 0.039574
0 0.641276 0.882736 0.020906 0.045565
0 0.626102 0.844963 0.010786 0.034778
0 0.616661 0.820981 0.021583 0.037167
0 0.602833 0.803597 0.011469 0.028769
0 0.588669 0.786810 0.015516 0.038361
0 0.579901 0.757435 0.022260 0.029981
0 0.565398 0.734653 0.017536 0.034769
0 0.557305 0.716667 0.012141 0.025185
0 0.541120 0.695083 0.017531 0.034778
0 0.532352 0.678894 0.012141 0.031176
0 0.520549 0.666907 0.016859 0.028778
0 0.505711 0.654315 0.011464 0.032370
0 0.440961 0.587171 0.008766 0.034769
0 0.430846 0.585375 0.014161 0.031176
0 0.397797 0.488245 0.012813 0.026380
0 0.426461 0.540407 0.017536 0.039574
0 0.400831 0.538009 0.014839 0.044370
0 0.349237 0.650722 0.022255 0.037167
0 0.397458 0.762829 0.026979 0.050361
0 0.358005 0.538009 0.026302 0.032370
0 0.376214 0.515227 0.035750 0.077935
0 0.381609 0.451681 0.018208 0.029972
0 0.354294 0.439088 0.020234 0.055157
0 0.337096 0.392324 0.015516 0.028778
0 0.327315 0.440287 0.017536 0.033574
0 0.328667 0.467866 0.013490 0.023972
0 0.328664 0.484648 0.012141 0.033574
0 0.732328 0.672301 0.016865 0.051565
0 0.722549 0.639329 0.013484 0.038361
0 0.707036 0.615347 0.016187 0.050361
0 0.877656 0.937287 0.036458 0.039574
0 0.853732 0.876741 0.026307 0.067148
0 0.803148 0.786810 0.033047 0.076731
0 0.691187 0.591968 0.016865 0.046769
0 0.676349 0.575181 0.011469 0.041972
0 0.667917 0.548199 0.013490 0.035972
0 0.655440 0.527819 0.019557 0.031176
0 0.643299 0.504435 0.018214 0.034778
0 0.629812 0.481653 0.020906 0.027583
0 0.602833 0.442088 0.019562 0.041972
0 0.581924 0.436690 0.014161 0.035972
0 0.566750 0.432495 0.016188 0.032380
0 0.547187 0.414509 0.021583 0.037167
0 0.523922 0.404315 0.016865 0.028778
0 0.503352 0.398324 0.017536 0.033574
0 0.485477 0.388727 0.018214 0.031176
0 0.471987 0.387528 0.008766 0.033574
