0 0.635596 0.137264 0.017536 0.022787
0 0.804211 0.050935 0.017536 0.022778
0 0.732719 0.096495 0.013490 0.025176
0 0.669656 0.086301 0.020906 0.031176
0 0.617724 0.110884 0.014167 0.022787
0 0.638297 0.121074 0.021583 0.033574
0 0.668643 0.121074 0.022932 0.028778
0 0.694276 0.121676 0.018885 0.032370
0 0.804885 0.092301 0.010792 0.021583
0 0.789375 0.103093 0.016188 0.023981
0 0.786677 0.147458 0.026979 0.083935
0 0.743846 0.131866 0.014161 0.031176
0 0.757336 0.148657 0.014161 0.033574
0 0.738451 0.178032 0.027651 0.039565
0 0.706753 0.191819 0.011464 0.031176
0 0.700682 0.167843 0.027656 0.028778
0 0.665271 0.147454 0.024281 0.023981
0 0.584674 0.134264 0.023609 0.031176
0 0.622781 0.175037 0.024281 0.033574
0 0.602211 0.199611 0.026307 0.041963
0 0.525659 0.191819 0.033724 0.059954
0 0.453492 0.210403 0.033724 0.049157
0 0.486539 0.225995 0.044516 0.077935
0 0.502391 0.260764 0.037094 0.046769
0 0.628516 0.239782 0.037094 0.040769
0 0.577591 0.287745 0.036422 0.045565
0 0.600862 0.327912 0.043839 0.065954
0 0.521951 0.434625 0.054630 0.075546
0 0.519591 0.344699 0.041818 0.068343
0 0.418419 0.340505 0.044516 0.055157
0 0.349961 0.338704 0.049234 0.063556
0 0.126378 0.429829 0.025630 0.053954
0 0.177974 0.449616 0.072167 0.093528
0 0.128732 0.525153 0.081599 0.076731
0 0.131773 0.884269 0.129495 0.200241
0 0.409651 0.499972 0.072844 0.107907
