0 0.555096 0.207699 0.033182 0.035972
0 0.577352 0.247269 0.035609 0.043167
0 0.885716 0.545829 0.097120 0.162583
0 0.693089 0.389713 0.059896 0.103593
0 0.640885 0.323523 0.034802 0.063306
0 0.549430 0.401940 0.070411 0.087769
0 0.461615 0.347986 0.032375 0.074824
0 0.664357 0.204819 0.033182 0.041731
0 0.800328 0.264532 0.039656 0.048917
0 0.500867 0.156620 0.023474 0.043167
0 0.472542 0.176764 0.018615 0.031657
0 0.426003 0.183241 0.025901 0.033093
0 0.446641 0.127843 0.017000 0.037407
0 0.456758 0.122806 0.012953 0.018704
