0 0.525659 0.194940 0.028328 0.044361
0 0.322310 0.349014 0.066776 0.081528
0 0.396161 0.287264 0.048563 0.058750
0 0.619073 0.177551 0.020906 0.038361
0 0.652120 0.155370 0.020906 0.032370
0 0.601875 0.160167 0.021583 0.041963
0 0.588721 0.130787 0.011464 0.023981
0 0.602211 0.125394 0.010120 0.022787
0 0.611990 0.134986 0.018885 0.034769
0 0.617724 0.117602 0.010115 0.019185
0 0.643690 0.114602 0.016182 0.032370
0 0.626154 0.106208 0.012141 0.020380
0 0.612667 0.096014 0.008094 0.021583
0 0.599177 0.105606 0.010792 0.021583
0 0.503070 0.353810 0.042505 0.071935
0 0.818039 0.552255 0.078911 0.154676
0 0.353672 0.805245 0.093073 0.207435
0 0.544208 0.437745 0.047885 0.107917
0 0.720917 0.205731 0.034396 0.085130
0 0.489914 0.901125 0.110609 0.197750
0 0.768805 0.235106 0.070818 0.143880
0 0.963721 0.570838 0.066776 0.155880
0 0.858844 0.434148 0.063396 0.091130
0 0.760036 0.326231 0.050583 0.067148
0 0.561070 0.297458 0.043839 0.103120
0 0.466982 0.304051 0.041818 0.065954
0 0.457201 0.363403 0.030349 0.062343
0 0.697984 0.178750 0.047885 0.081537
0 0.683482 0.221917 0.031026 0.047963
0 0.628513 0.212921 0.027651 0.044361
0 0.583664 0.193139 0.039120 0.059944
0 0.576581 0.233903 0.024953 0.045565
0 0.558034 0.198537 0.024276 0.041963
