0 0.376888 0.714269 0.092401 0.137889
0 0.427813 0.240046 0.024281 0.033574
0 0.398810 0.295801 0.031026 0.034769
0 0.305060 0.242449 0.028328 0.040769
0 0.291232 0.255037 0.014161 0.032370
0 0.239299 0.218468 0.020911 0.026380
0 0.208948 0.195083 0.019563 0.032370
0 0.201193 0.153713 0.013490 0.019185
0 0.366096 0.268227 0.027651 0.041972
0 0.353620 0.295204 0.016188 0.045556
0 0.329674 0.297000 0.038443 0.065944
0 0.860138 0.690889 0.041818 0.136685
0 0.736039 0.340167 0.035068 0.056352
0 0.783589 0.283815 0.029000 0.041963
0 0.665896 0.330574 0.062052 0.075537
0 0.179945 0.157912 0.020911 0.039565
0 0.213331 0.155514 0.014839 0.025176
0 0.518865 0.258634 0.024281 0.039565
0 0.375201 0.220264 0.028328 0.039565
0 0.445010 0.392926 0.126125 0.181056
