0 0.553599 0.222421 0.018885 0.037176
0 0.629812 0.282375 0.021583 0.039565
0 0.652406 0.316546 0.023604 0.038370
0 0.673651 0.294963 0.021583 0.052759
0 0.769089 0.248199 0.037094 0.050361
0 0.649034 0.197241 0.024953 0.032370
0 0.379250 0.080935 0.015510 0.017981
0 0.443661 0.202634 0.026979 0.055157
0 0.218391 0.341727 0.040469 0.057546
0 0.144201 0.556954 0.074193 0.128296
0 0.315849 0.226616 0.022260 0.040769
0 0.324953 0.175657 0.016188 0.022778
0 0.388018 0.127097 0.014161 0.016787
0 0.394086 0.106713 0.008766 0.014389
0 0.380599 0.109116 0.016865 0.021583
0 0.359016 0.115106 0.008771 0.016787
0 0.446021 0.134292 0.022260 0.035972
0 0.453779 0.116306 0.012141 0.023981
0 0.444333 0.107315 0.010792 0.017981
0 0.427810 0.115106 0.015516 0.021583
0 0.431518 0.095324 0.012141 0.020389
