0 0.471315 0.142088 0.009443 0.029972
0 0.411961 0.515588 0.053953 0.112713
0 0.204901 0.507194 0.060698 0.081537
0 0.077089 0.525782 0.077563 0.111509
0 0.278417 0.382491 0.059354 0.071944
0 0.345526 0.266787 0.033052 0.046759
0 0.212656 0.214028 0.023604 0.044370
0 0.228505 0.167269 0.018885 0.032370
0 0.240310 0.175657 0.019557 0.032370
0 0.371831 0.168468 0.022255 0.044361
0 0.396109 0.185255 0.026302 0.039565
0 0.395099 0.155875 0.020229 0.026380
0 0.470974 0.270384 0.039792 0.061157
0 0.521898 0.242806 0.041818 0.053963
0 0.563039 0.232014 0.036422 0.041972
0 0.582260 0.288968 0.031698 0.083935
0 0.625766 0.252995 0.045865 0.064750
0 0.563378 0.179856 0.026307 0.031176
0 0.494581 0.185250 0.027651 0.046759
0 0.498628 0.153477 0.022255 0.035972
0 0.479070 0.158273 0.022255 0.033565
0 0.451755 0.145676 0.013490 0.032352
0 0.469628 0.162472 0.011464 0.037167
0 0.476711 0.140287 0.009443 0.028778
0 0.438263 0.149880 0.017536 0.035963
0 0.361039 0.138491 0.015516 0.020389
