0 0.683768 0.178898 0.011464 0.019185
0 0.325628 0.416907 0.062724 0.087537
0 0.433880 0.442083 0.025625 0.065944
0 0.465578 0.394727 0.029677 0.059954
0 0.446021 0.340167 0.040469 0.056352
0 0.087208 0.557194 0.117354 0.082741
0 0.717154 0.771227 0.102516 0.155880
0 0.798081 0.480454 0.052620 0.094722
0 0.606544 0.294602 0.031026 0.037167
0 0.584961 0.259231 0.031026 0.043167
0 0.632846 0.223264 0.020234 0.026380
0 0.658813 0.264630 0.018208 0.032370
0 0.678708 0.234653 0.016188 0.041972
0 0.705690 0.231653 0.017536 0.031176
0 0.663872 0.226259 0.017536 0.025185
0 0.676349 0.196884 0.016865 0.026380
0 0.663534 0.192685 0.010120 0.029981
0 0.676010 0.171102 0.013490 0.027574
0 0.738734 0.265829 0.032375 0.056361
0 0.769424 0.406718 0.050589 0.074343
0 0.785951 0.302995 0.028328 0.053954
0 0.482440 0.199282 0.020234 0.035972
0 0.503687 0.179495 0.016865 0.027583
0 0.551911 0.168106 0.016187 0.026380
0 0.578214 0.167505 0.010792 0.022787
0 0.791682 0.262833 0.022260 0.038370
0 0.832487 0.282014 0.035068 0.047954
0 0.871260 0.347963 0.030365 0.069537
0 0.804495 0.217264 0.023604 0.026380
0 0.871943 0.221463 0.014167 0.034778
0 0.782576 0.199880 0.017536 0.027574
0 0.789320 0.188491 0.020234 0.023981
0 0.834846 0.174699 0.015516 0.029972
0 0.784263 0.163907 0.011464 0.022778
