0 0.977159 0.723620 0.043161 0.152278
0 0.660836 0.485014 0.076891 0.097120
0 0.708721 0.906477 0.132193 0.158269
0 0.254810 0.547361 0.047214 0.087537
0 0.264927 0.386694 0.080938 0.190648
0 0.192424 0.344125 0.026307 0.028769
0 0.146560 0.302759 0.020911 0.032370
0 0.183992 0.282977 0.017536 0.035972
0 0.180622 0.248801 0.017536 0.032380
0 0.152966 0.254796 0.028328 0.058759
0 0.203216 0.238611 0.019557 0.052759
0 0.181969 0.209231 0.010792 0.025185
0 0.185680 0.193042 0.012818 0.016787
0 0.227159 0.193042 0.009443 0.016787
0 0.237948 0.205032 0.010792 0.021583
0 0.245031 0.185250 0.011469 0.013185
0 0.230867 0.170866 0.011464 0.029972
0 0.243682 0.173861 0.008771 0.016778
0 0.156003 0.349523 0.034401 0.073139
0 0.163758 0.448440 0.039120 0.074343
0 0.319560 0.338130 0.031026 0.038370
